Ticker,timestamp,IV_7_D_Call,IV_7_D_CallChg,IV_7_D_Put,IV_7_D_PutChg,IV_7_D_Call_1W,IV_7_D_Put_1W,IV_7_D_Call_1M,IV_7_D_Put_1M,IV_14_D_Call,IV_14_D_CallChg,IV_14_D_Put,IV_14_D_PutChg,IV_14_D_Call_1W,IV_14_D_Put_1W,IV_14_D_Call_1M,IV_14_D_Put_1M,IV_21_D_Call,IV_21_D_CallChg,IV_21_D_Put,IV_21_D_PutChg,IV_21_D_Call_1W,IV_21_D_Put_1W,IV_21_D_Call_1M,IV_21_D_Put_1M,IV_30_D_Call,IV_30_D_CallChg,IV_30_D_Put,IV_30_D_PutChg,IV_30_D_Call_1W,IV_30_D_Put_1W,IV_30_D_Call_1M,IV_30_D_Put_1M,IV_60_D_Call,IV_60_D_CallChg,IV_60_D_Put,IV_60_D_PutChg,IV_60_D_Call_1W,IV_60_D_Put_1W,IV_60_D_Call_1M,IV_60_D_Put_1M,IV_90_D_Call,IV_90_D_CallChg,IV_90_D_Put,IV_90_D_PutChg,IV_90_D_Call_1W,IV_90_D_Put_1W,IV_90_D_Call_1M,IV_90_D_Put_1M,IV_120_D_Call,IV_120_D_CallChg,IV_120_D_Put,IV_120_D_PutChg,IV_120_D_Call_1W,IV_120_D_Put_1W,IV_120_D_Call_1M,IV_120_D_Put_1M,IV_150_D_Call,IV_150_D_CallChg,IV_150_D_Put,IV_150_D_PutChg,IV_150_D_Call_1W,IV_150_D_Put_1W,IV_150_D_Call_1M,IV_150_D_Put_1M,IV_180_D_Call,IV_180_D_CallChg,IV_180_D_Put,IV_180_D_PutChg,IV_180_D_Call_1W,IV_180_D_Put_1W,IV_180_D_Call_1M,IV_180_D_Put_1M,IV_270_D_Call,IV_270_D_CallChg,IV_270_D_Put,IV_270_D_PutChg,IV_270_D_Call_1W,IV_270_D_Put_1W,IV_270_D_Call_1M,IV_270_D_Put_1M,IV_360_D_Call,IV_360_D_CallChg,IV_360_D_Put,IV_360_D_PutChg,IV_360_D_Call_1W,IV_360_D_Put_1W,IV_360_D_Call_1M,IV_360_D_Put_1M,IV_720_D_Call,IV_720_D_CallChg,IV_720_D_Put,IV_720_D_PutChg,IV_720_D_Call_1W,IV_720_D_Put_1W,IV_720_D_Call_1M,IV_720_D_Put_1M,IV_1080_D_Call,IV_1080_D_CallChg,IV_1080_D_Put,IV_1080_D_PutChg,IV_1080_D_Call_1W,IV_1080_D_Put_1W,IV_1080_D_Call_1M,IV_1080_D_Put_1M,HV_10_D_Cur,HV_20_D_Cur,HV_30_D_Cur,HV_60_D_Cur,HV_90_D_Cur,HV_120_D_Cur,HV_150_D_Cur,HV_180_D_Cur,Date,Snapshot_Age_Hours,IV_Rank_30D,IV_Term_Structure,IV_Trend_7D,HV_Trend_30D,IV30_Call,HV30,IVHV_gap_30D,IVHV_gap_abs,HighVol,ElevatedVol,ModerateVol,LowRank,IV_Rich,IV_Cheap,MeanReversion_Setup,Expansion_Setup,df_elevated_plus,df_moderate_vol,Regime,EMA_Signal,Signal_Type,Days_Since_Cross,Has_Crossover,Trend_Slope,Price_vs_SMA20,Price_vs_SMA50,SMA20,SMA50,Atr_Pct,Data_Complete,Crossover_Age_Bucket,Primary_Strategy,Secondary_Strategy,Strategy_Type,Confidence,Success_Probability,Trade_Bias,Entry_Priority,Risk_Level,Dollar_Allocation,Max_Position_Risk,Num_Contracts,Risk_Reward_Ratio,Portfolio_Weight,Risk_Per_Contract,Sizing_Method,Position_Valid
BKNG,2025-08-25 07:24:03.013267,21.6,1.89,20.97,2.12,23.35,21.93,47.44,46.0,21.67,1.96,21.26,2.41,23.35,21.93,39.86,38.95,22.21,1.26,21.96,1.58,22.93,21.61,34.76,33.82,22.6,0.78,22.41,1.28,23.04,21.89,31.93,30.91,24.6,0.94,24.45,1.74,24.28,23.22,27.79,26.71,27.3,0.08,26.96,0.87,27.45,26.22,26.85,25.81,26.64,-0.05,26.14,0.52,27.44,26.18,27.84,26.63,26.56,-0.06,25.95,0.59,27.49,25.97,28.39,27.08,27.11,-0.23,26.4,0.48,27.89,26.26,28.17,26.73,27.7,-0.54,26.84,0.23,28.72,26.98,29.04,27.4,28.34,-0.4,27.21,0.21,29.31,27.41,29.54,27.74,29.64,-0.14,27.77,-0.09,30.6,28.28,30.67,28.43,30.05,0.03,27.95,-0.16,30.81,28.47,30.89,28.64,13.91,20.11,18.71,19.26,21.5,30.42,29.86,28.78,8/25/25,2964.1233129711113,0.0,Contango,Stable,Falling,22.6,18.71,3.8900000000000006,3.8900000000000006,False,True,False,True,True,False,False,False,True,False,Trending,Bullish,Bullish,22,True,69.706,184.91,345.13,5255.23,5095.01,2.21,True,Age_16_plus,None,None,None,0,0.3,Neutral,Low,Medium,0.0,0.0,0,,,0,,
AZO,2025-08-25 07:24:04.510413,21.7,1.34,21.24,0.07,21.57,21.07,22.8,22.12,21.7,1.34,21.24,0.07,21.57,21.07,22.8,22.12,21.7,1.34,21.24,0.07,21.57,21.07,22.8,22.12,22.93,1.96,22.54,0.84,21.57,21.07,22.34,21.66,25.52,0.8,25.21,0.28,25.1,24.29,21.82,21.12,25.82,0.54,25.4,0.19,26.09,25.08,23.88,22.99,25.88,0.35,25.38,0.05,26.53,25.42,24.85,23.87,25.56,0.34,24.84,0.06,26.28,24.94,25.39,24.36,25.7,0.26,24.93,0.11,26.33,24.9,25.32,24.14,25.45,0.18,24.38,0.03,26.26,24.59,25.3,23.91,25.31,0.33,23.97,0.02,25.97,24.17,25.36,23.85,25.86,0.43,24.19,0.03,26.21,24.18,25.28,23.65,25.86,0.43,24.19,0.03,26.21,24.18,25.28,23.65,16.05,20.98,20.6,21.46,21.96,24.09,22.91,22.24,8/25/25,2964.1233129711113,100.0,Flat,Rising,Falling,22.93,20.6,2.3299999999999983,2.3299999999999983,False,False,True,False,False,False,True,False,False,True,Trending,Bearish,Bearish,18,True,-19.4719,-137.02,-278.27,3585.72,3726.97,2.5,True,Age_16_plus,None,None,None,0,0.3,Neutral,Low,Medium,0.0,0.0,0,,,0,,
MELI,2025-08-25 07:24:05.705611,29.85,0.32,29.96,2.74,31.94,30.6,31.3,31.64,30.14,0.61,29.74,2.52,31.94,30.6,50.19,50.64,30.35,1.14,29.33,1.74,30.49,29.63,49.43,49.93,29.71,-0.04,29.92,2.25,30.59,29.08,44.85,44.98,31.82,0.29,31.55,2.39,31.04,29.63,38.19,38.13,34.87,-0.94,34.87,0.94,34.81,33.68,36.48,36.34,34.49,-0.65,33.35,0.37,35.13,33.63,38.11,37.57,33.66,-0.38,33.02,0.79,33.96,32.88,36.77,36.24,34.67,-0.05,34.01,0.96,34.48,33.43,35.99,35.37,35.82,0.03,34.97,0.6,35.68,34.49,36.87,35.82,36.52,0.05,35.33,0.4,36.42,35.09,37.2,36.06,37.84,0.65,35.66,-0.33,37.71,36.1,37.89,36.48,37.81,0.75,35.31,-0.53,37.57,36.07,37.88,36.54,33.72,28.24,25.84,27.34,30.0,36.05,35.33,35.85,8/25/25,2964.1233129711113,0.0,Mixed,Stable,Rising,29.71,25.84,3.870000000000001,3.870000000000001,False,True,False,True,True,False,False,True,True,False,Trending,Bearish,Bearish,49,True,6.5966,-20.23,-83.71,2025.94,2089.42,2.79,True,Age_16_plus,None,None,None,0,0.3,Neutral,Low,Medium,0.0,0.0,0,,,0,,
MKL,2025-08-25 07:24:07.124558,18.13,0.08,17.83,0.79,19.17,17.74,23.64,23.38,18.13,0.08,17.83,0.79,19.17,17.74,23.64,23.38,18.13,0.08,17.83,0.79,19.17,17.74,23.64,23.38,18.16,0.09,17.81,0.74,19.17,17.74,22.37,22.08,18.44,0.1,17.93,0.56,19.12,17.85,20.12,19.79,18.98,0.08,18.35,0.39,19.67,18.35,19.63,19.24,19.24,0.07,18.56,0.3,19.98,18.62,19.73,19.16,19.43,0.09,18.7,0.26,20.17,18.79,19.78,19.11,19.68,0.11,18.85,0.2,20.31,18.89,19.82,19.08,19.96,0.12,19.02,0.13,20.52,19.03,19.82,19.08,19.96,0.12,19.02,0.13,20.52,19.03,19.82,19.08,19.96,0.12,19.02,0.13,20.52,19.03,19.82,19.08,19.96,0.12,19.02,0.13,20.52,19.03,19.82,19.08,16.77,22.88,21.62,18.68,19.77,23.74,26.31,25.05,8/25/25,2964.1233129711113,0.0,Flat,Falling,Falling,18.16,21.62,-3.460000000000001,3.460000000000001,False,False,True,True,False,False,False,False,False,True,Trending,Bullish,Bullish,53,True,27.1101,61.94,144.48,2119.6,2037.06,1.55,True,Age_16_plus,None,None,None,0,0.3,Neutral,Low,Medium,0.0,0.0,0,,,0,,
FCNCA,2025-08-25 07:24:08.658669,25.8,1.47,25.61,0.81,27.78,25.57,38.0,36.36,25.8,1.47,25.61,0.81,27.78,25.57,38.0,36.36,25.8,1.47,25.61,0.81,27.78,25.57,38.0,36.36,25.88,1.41,25.68,0.78,27.78,25.57,35.53,33.84,27.24,1.19,27.01,0.88,27.35,26.37,31.18,29.4,29.84,0.7,29.58,0.68,30.28,28.92,30.96,29.24,29.2,0.72,28.55,0.29,30.32,29.1,30.84,29.16,29.57,0.54,28.84,0.34,30.61,29.25,29.85,28.32,29.81,0.42,29.02,0.36,30.94,29.44,30.32,28.71,29.81,0.4,29.02,0.35,31.02,29.49,30.67,29.0,29.81,0.4,29.02,0.35,31.02,29.49,30.67,29.0,29.81,0.4,29.02,0.35,31.02,29.49,30.67,29.0,29.81,0.4,29.02,0.35,31.02,29.49,30.67,29.0,28.66,29.75,28.07,26.26,27.22,39.73,37.11,35.12,8/25/25,2964.1233129711113,0.0,Flat,Falling,Stable,25.88,28.07,-2.1900000000000013,2.1900000000000013,False,False,True,True,False,False,False,False,False,True,Trending,Bullish,Bullish,56,True,60.7002,134.98,284.4,2045.5,1896.08,1.92,True,Age_16_plus,None,None,None,0,0.3,Neutral,Low,Medium,0.0,0.0,0,,,0,,
FICO,2025-08-25 07:24:10.334179,37.66,4.39,37.79,1.82,39.52,38.76,48.54,45.21,37.66,4.39,37.79,1.82,39.52,38.76,48.54,45.21,37.66,4.39,37.79,1.82,39.52,38.76,48.54,45.21,37.85,4.1,37.91,1.78,39.52,38.76,46.32,43.68,38.71,1.66,38.58,1.07,38.82,38.4,42.32,40.9,39.83,1.3,39.59,0.43,40.48,40.06,40.2,38.81,40.21,1.0,39.87,-0.04,41.45,41.01,40.42,39.06,39.96,0.78,39.33,-0.2,40.94,40.45,40.53,39.18,40.87,0.3,40.18,-0.37,41.92,41.11,40.31,38.69,40.22,0.17,39.28,-0.43,41.52,40.41,40.05,38.13,39.24,0.23,38.16,-0.11,40.26,39.17,39.57,37.56,39.78,0.41,38.4,-0.1,40.51,39.02,40.27,37.86,39.78,0.41,38.4,-0.1,40.51,39.02,40.27,37.86,31.48,41.9,35.61,40.13,53.35,53.23,49.58,47.08,8/25/25,2964.1233129711113,0.0,Flat,Stable,Falling,37.85,35.61,2.240000000000002,2.240000000000002,False,False,True,True,False,False,False,False,False,True,Trending,Bearish,Bearish,3,True,-20.8341,-18.73,31.64,1771.92,1721.55,2.72,True,Age_0_5,None,None,None,0,0.3,Neutral,Low,Medium,0.0,0.0,0,,,0,,
TDG,2025-08-25 07:24:11.930136,20.36,0.84,20.06,0.41,22.21,20.88,27.87,28.5,20.36,0.84,20.06,0.41,22.21,20.88,27.87,28.5,20.36,0.84,20.06,0.41,22.21,20.88,27.87,28.5,20.66,0.99,20.3,0.56,22.21,20.88,26.56,26.94,22.24,1.06,21.8,0.82,22.56,21.23,24.39,24.31,24.35,0.41,23.96,0.23,25.06,23.66,24.9,24.59,24.0,0.34,23.47,0.03,25.03,23.66,25.16,24.74,24.4,0.39,23.67,0.14,25.29,23.83,24.39,23.93,25.21,0.41,24.45,0.26,25.94,24.35,24.6,23.9,25.98,0.35,24.93,0.09,26.69,25.12,26.0,24.82,25.98,0.35,24.93,0.09,26.71,25.14,26.2,24.93,25.98,0.35,24.93,0.09,26.71,25.14,26.2,24.93,25.98,0.35,24.93,0.09,26.71,25.14,26.2,24.93,15.87,48.96,41.38,31.05,29.99,32.69,31.06,29.99,8/25/25,2964.1233129711113,0.0,Contango,Falling,Falling,20.66,41.38,-20.720000000000002,20.720000000000002,True,False,False,True,False,True,False,False,True,False,Trending,Bearish,Bearish,15,True,12.8812,-5.07,-6.63,1314.31,1315.87,2.02,True,Age_6_15,Put Debit Spread,Long Put,Directional,60,0.57,Bearish,Medium,Medium,240.7221664994985,240.7221664994985,2,1.33,0.24072216649949849,500,volatility_scaled,True
MTD,2025-08-25 07:24:15.177645,24.01,0.59,23.84,0.75,25.22,23.71,38.75,37.67,24.01,0.59,23.84,0.75,25.22,23.71,38.75,37.67,24.01,0.59,23.84,0.75,25.22,23.71,38.75,37.67,23.99,0.59,23.8,0.67,25.22,23.71,36.15,35.17,24.5,0.86,24.21,0.44,25.13,23.62,31.51,30.67,25.84,0.55,25.4,0.08,26.24,25.02,30.7,29.56,26.37,0.32,25.84,-0.18,26.86,25.8,31.07,29.99,26.15,0.19,25.52,-0.05,26.78,25.78,31.25,30.21,26.39,0.15,25.67,-0.04,26.87,25.74,30.38,29.46,26.75,0.18,25.81,-0.06,27.05,25.71,30.38,29.46,27.03,0.46,25.83,-0.04,27.05,25.71,30.38,29.46,27.69,1.12,26.2,0.32,27.05,25.71,30.38,29.46,27.69,1.12,26.2,0.32,27.05,25.71,30.38,29.46,30.38,29.71,31.89,27.8,35.18,40.56,37.83,35.71,8/25/25,2964.1233129711113,0.0,Flat,Stable,Stable,23.99,31.89,-7.900000000000002,7.900000000000002,True,False,False,True,False,True,False,False,True,False,Trending,Bearish,Bearish,17,True,9.7317,6.19,4.38,1413.91,1415.72,2.0,True,Age_16_plus,Put Debit Spread,Long Put,Directional,55,0.49637499999999996,Bearish,Medium,Medium,220.66198595787364,220.66198595787364,2,0.99,0.22066198595787365,500,volatility_scaled,True
TPL,2025-08-25 07:24:17.136426,39.43,2.27,39.25,0.49,40.12,40.55,51.5,51.1,39.43,2.27,39.25,0.49,40.12,40.55,51.5,51.1,39.43,2.27,39.25,0.49,40.12,40.55,51.5,51.1,39.49,2.14,39.31,0.54,40.12,40.55,49.9,49.49,40.29,1.35,40.08,0.86,41.15,41.45,47.25,46.79,41.85,0.99,41.54,0.38,43.57,43.22,47.12,46.49,41.59,0.8,41.1,0.49,43.51,42.85,47.4,46.77,41.47,0.71,40.86,0.59,43.06,42.22,47.15,46.47,41.52,0.5,40.77,0.45,43.05,42.03,46.99,46.27,41.56,0.25,40.67,0.29,43.1,41.84,46.99,46.27,41.56,0.25,40.67,0.29,43.1,41.84,46.99,46.27,41.56,0.25,40.67,0.29,43.1,41.84,46.99,46.27,41.56,0.25,40.67,0.29,43.1,41.84,46.99,46.27,36.35,45.46,43.73,38.32,38.43,53.84,52.68,53.78,8/25/25,2964.1233129711113,0.0,Flat,Stable,Falling,39.49,43.73,-4.239999999999995,4.239999999999995,False,True,False,True,False,True,False,False,True,False,Neutral,Bearish,Bearish,36,True,1.0629,-6.39,-16.97,293.93,304.51,4.26,True,Age_16_plus,Put Debit Spread,Long Put,Directional,55,0.49637499999999996,Bearish,Medium,Medium,220.66198595787364,220.66198595787364,2,0.99,0.22066198595787365,500,volatility_scaled,True
GWW,2025-08-25 07:24:20.215470,19.54,3.06,19.46,1.54,19.38,19.38,27.48,26.74,19.54,3.06,19.46,1.54,19.38,19.38,27.48,26.74,19.54,3.06,19.46,1.54,19.38,19.38,27.48,26.74,19.78,3.02,19.67,1.57,19.38,19.38,25.62,24.91,20.7,1.93,20.49,0.97,20.67,20.12,22.3,21.64,21.7,1.49,21.41,0.55,21.43,21.28,21.73,21.11,22.03,1.14,21.68,0.19,21.81,21.91,21.55,21.17,21.55,0.63,21.06,-0.44,21.68,21.75,21.45,21.2,21.76,0.73,21.2,-0.41,21.87,21.94,21.32,21.3,22.0,0.84,21.37,-0.38,22.19,22.28,21.32,21.3,22.0,0.84,21.37,-0.38,22.19,22.28,21.32,21.3,22.0,0.84,21.37,-0.38,22.19,22.28,21.32,21.3,22.0,0.84,21.37,-0.38,22.19,22.28,21.32,21.3,22.63,45.32,37.81,29.24,27.07,27.34,26.29,25.01,8/25/25,2964.1233129711113,6.4102564102564425,Flat,Stable,Falling,19.78,37.81,-18.03,18.03,True,False,False,True,False,True,False,False,True,False,Trending,Bullish,Bullish,23,True,9.672,25.85,54.87,998.43,969.41,1.95,True,Age_16_plus,Call Debit Spread,Long Call,Directional,55,0.49637499999999996,Bullish,Medium,Medium,220.66198595787364,220.66198595787364,2,0.99,0.22066198595787365,500,volatility_scaled,True
COST,2025-08-25 07:24:24.432169,19.75,1.05,19.44,0.84,19.67,19.25,19.16,17.38,19.79,1.08,19.51,0.91,19.67,19.25,19.06,18.03,19.96,0.56,19.7,0.29,19.16,18.16,19.18,18.2,24.25,2.65,23.96,2.72,19.43,19.01,19.54,18.31,23.77,0.55,23.31,0.42,23.04,22.29,20.75,19.53,23.65,0.11,23.09,0.24,23.12,22.28,22.72,21.53,23.56,-0.11,22.92,0.11,23.2,22.33,23.07,21.92,23.39,0.25,22.61,0.28,23.17,21.93,23.28,22.14,23.47,-0.07,22.63,0.17,23.34,22.02,23.4,22.02,23.53,-0.15,22.31,0.23,23.42,22.08,23.73,22.06,23.77,-0.25,22.49,0.17,23.81,22.23,24.21,22.3,24.53,-0.34,22.76,0.07,24.84,22.54,25.32,22.72,24.53,-0.34,22.76,0.07,24.84,22.54,25.32,22.72,18.52,18.58,17.07,18.24,18.74,24.63,24.32,22.94,8/25/25,2964.1233129711113,100.0,Mixed,Rising,Rising,24.25,17.07,7.18,7.18,True,False,False,False,True,False,False,False,True,False,Trending,Bearish,Bearish,60,True,-2.5862,-7.98,-30.36,881.33,903.71,1.67,True,Age_16_plus,Call Credit Spread,Bear Put Spread,Directional,65,0.648375,Bearish,Medium,Medium,260.7823470411234,260.7823470411234,2,1.84,0.2607823470411234,500,volatility_scaled,True
KLAC,2025-08-25 07:24:26.148964,33.11,0.79,32.83,0.98,33.29,32.93,38.65,42.1,33.11,0.79,32.83,0.98,33.29,32.93,38.65,42.1,33.11,0.79,32.83,0.98,33.29,32.93,38.65,42.1,33.42,0.92,33.1,1.09,33.29,32.93,37.54,40.04,34.85,0.77,34.33,1.02,34.36,33.05,35.71,36.49,36.47,0.64,35.78,0.74,35.7,34.99,35.55,36.06,35.19,0.14,34.59,0.08,35.68,34.99,35.47,35.84,35.2,0.27,34.48,0.51,35.3,34.55,35.41,35.7,35.61,0.22,34.8,0.29,35.73,34.77,35.21,35.5,36.17,0.12,35.27,0.15,36.41,35.21,35.89,35.88,36.37,0.06,35.29,0.06,36.7,35.3,36.15,35.9,36.46,0.25,35.02,-0.14,36.65,35.21,36.01,35.58,36.46,0.25,35.02,-0.14,36.65,35.21,36.01,35.58,49.51,45.12,39.81,33.68,37.32,48.16,45.94,43.7,8/25/25,2964.1233129711113,3.058823529411825,Flat,Stable,Rising,33.42,39.81,-6.390000000000001,6.390000000000001,True,False,False,True,False,True,False,True,True,False,Trending,Bullish,Bullish,24,True,33.6453,56.32,90.15,1223.28,1189.45,2.99,True,Age_16_plus,Long Straddle,Long Strangle,Volatility,65,0.6174999999999999,Bidirectional,Medium,Medium,260.7823470411234,260.7823470411234,2,1.21,0.2607823470411234,500,volatility_scaled,True
AXON,2025-08-25 07:24:27.463610,35.29,0.7,35.0,-0.32,37.24,36.75,65.31,64.9,35.29,0.7,35.0,-0.32,37.24,36.75,65.31,64.9,35.29,0.7,35.0,-0.32,37.24,36.75,65.31,64.9,35.34,0.75,35.03,-0.02,37.24,36.75,59.97,59.46,37.34,1.52,36.89,2.3,37.51,36.69,50.21,49.49,41.74,0.54,41.05,0.98,41.45,40.65,48.74,48.05,43.33,-0.22,42.58,0.14,43.58,42.79,47.99,47.32,42.4,-0.29,41.81,0.27,42.56,41.72,47.49,46.84,43.47,-0.11,42.72,0.3,43.5,42.51,46.31,45.86,44.61,0.16,43.53,0.11,44.6,43.45,46.62,45.94,44.81,0.16,43.56,-0.05,44.76,43.47,46.62,45.83,44.98,0.36,43.22,-0.15,44.79,43.24,46.39,45.39,44.98,0.36,43.22,-0.15,44.79,43.24,46.39,45.39,49.12,68.08,58.62,50.51,49.34,52.42,59.52,56.48,8/25/25,2964.1233129711113,0.0,Contango,Falling,Falling,35.34,58.62,-23.279999999999994,23.279999999999994,True,False,False,True,False,True,False,False,True,False,Trending,Bullish,Bullish,4,True,15.3264,21.33,-19.86,562.51,603.7,3.83,True,Age_0_5,Call Debit Spread,Long Call,Directional,70,0.6982499999999999,Bullish,High,Medium,280.84252758274823,280.84252758274823,2,2.31,0.28084252758274825,500,volatility_scaled,True
INTU,2025-08-25 07:24:28.818739,25.49,2.87,23.96,0.53,45.68,45.44,23.42,23.52,24.43,1.82,23.49,0.07,45.68,45.44,21.95,21.12,24.49,1.67,24.21,1.11,39.99,39.19,21.44,20.91,25.1,0.31,24.95,0.03,35.72,35.87,27.78,27.74,25.8,0.31,25.44,0.32,31.43,31.92,27.42,26.94,27.06,0.19,26.73,0.15,30.71,30.99,26.48,26.2,27.51,0.01,27.16,-0.08,30.46,30.57,27.44,27.06,27.27,0.07,26.68,-0.05,30.15,30.06,27.98,27.55,28.11,0.25,27.34,-0.15,30.37,30.01,27.89,27.44,29.02,0.43,28.04,-0.04,30.96,30.29,29.23,28.57,30.21,0.72,28.76,-0.02,31.42,30.72,29.83,29.07,30.81,0.4,29.5,-0.2,31.83,30.89,30.44,29.53,30.81,0.4,29.5,-0.2,31.83,30.89,30.44,29.53,38.76,32.97,29.23,23.82,27.75,32.68,34.67,33.4,8/25/25,2964.1233129711113,0.0,Flat,Falling,Rising,25.1,29.23,-4.129999999999999,4.129999999999999,False,True,False,True,False,True,False,True,True,False,Trending,Bullish,Bullish,18,True,6.1979,14.91,16.43,661.64,660.12,2.03,True,Age_16_plus,Long Straddle,Long Strangle,Volatility,65,0.6174999999999999,Bidirectional,Medium,Medium,260.7823470411234,260.7823470411234,2,1.21,0.2607823470411234,500,volatility_scaled,True
LLY,2025-08-25 07:24:30.589403,26.24,0.87,25.7,0.65,33.18,32.64,34.09,34.11,26.42,1.05,25.89,0.84,33.18,32.64,49.19,48.91,26.7,-0.04,26.17,0.05,32.08,31.52,50.06,49.2,26.92,-0.3,26.36,-0.45,31.32,30.41,45.6,46.24,29.36,0.08,28.91,0.05,32.07,31.06,40.38,39.91,32.44,0.12,32.1,0.46,35.26,34.13,38.42,37.67,32.09,0.17,31.08,0.27,35.15,34.1,38.98,38.0,31.92,-0.17,31.12,0.19,34.61,33.5,38.05,37.42,32.35,-0.18,31.8,0.39,35.17,34.13,37.06,36.0,32.97,0.17,31.98,0.24,34.99,33.36,36.39,35.32,33.32,0.18,32.1,0.09,34.99,33.19,35.83,34.67,34.07,0.34,32.34,-0.19,35.17,33.2,34.91,33.32,34.07,0.34,32.34,-0.19,35.17,33.2,34.91,33.32,21.49,65.09,56.88,43.19,51.4,49.07,45.83,43.54,8/25/25,2964.1233129711113,0.0,Contango,Falling,Falling,26.92,56.88,-29.96,29.96,True,False,False,True,False,True,False,False,True,False,Trending,Bullish,Bullish,87,True,18.3787,35.87,102.38,1041.88,975.37,2.53,True,Age_16_plus,Call Debit Spread,Long Call,Directional,55,0.49637499999999996,Bullish,Medium,Medium,220.66198595787364,220.66198595787364,2,0.99,0.22066198595787365,500,volatility_scaled,True
SPOT,2025-08-25 07:24:31.772207,36.73,2.22,36.24,1.9,37.36,38.62,81.84,83.9,36.69,2.18,36.23,1.89,37.36,38.62,69.67,70.64,36.73,1.8,36.5,1.52,36.72,37.22,61.18,62.38,36.46,1.1,36.47,0.84,36.28,38.15,54.26,56.06,39.57,1.45,39.2,1.17,38.18,38.81,47.54,48.06,44.06,0.44,43.53,0.25,43.31,43.5,45.02,45.44,42.66,0.43,42.13,-0.38,43.13,43.24,45.63,46.11,41.87,0.67,41.39,0.3,41.84,41.88,45.93,46.43,42.93,0.8,42.12,0.19,42.27,42.34,44.93,44.92,43.71,0.32,42.76,0.02,43.7,43.15,45.57,45.61,43.57,0.4,42.49,0.12,43.28,42.62,45.58,45.27,43.65,0.53,41.59,-0.28,43.4,41.92,46.08,44.78,43.65,0.62,41.19,-0.53,43.34,41.84,46.44,44.81,33.64,61.18,53.49,46.51,46.18,52.92,51.59,49.29,8/25/25,2964.1233129711113,1.001112347052279,Mixed,Stable,Falling,36.46,53.49,-17.03,17.03,True,False,False,True,False,True,False,False,True,False,Trending,Bearish,Bearish,84,True,2.2927,4.19,-30.45,580.16,614.8,2.98,True,Age_16_plus,Put Debit Spread,Long Put,Directional,55,0.49637499999999996,Bearish,Medium,Medium,220.66198595787364,220.66198595787364,2,0.99,0.22066198595787365,500,volatility_scaled,True
URI,2025-08-25 07:24:33.426838,27.52,0.3,27.46,2.05,27.05,24.71,48.51,48.19,28.43,1.21,27.98,2.57,27.05,24.71,41.56,41.25,28.8,0.87,28.66,2.26,27.09,25.97,36.48,37.06,28.7,0.94,28.66,1.63,28.01,26.45,35.11,35.39,29.83,0.12,29.4,0.34,29.28,27.91,31.85,31.67,30.93,0.11,30.46,0.38,30.24,28.96,31.93,31.5,31.37,0.02,30.92,0.37,30.77,29.54,31.96,31.42,31.41,-0.04,31.08,0.6,31.09,29.71,31.99,31.37,32.34,0.24,31.68,0.52,31.79,30.41,32.18,31.46,33.08,0.28,32.27,0.2,32.33,31.03,32.9,32.2,33.57,0.39,32.54,0.08,32.71,31.25,33.39,32.73,34.24,0.41,32.9,-0.04,33.45,31.94,34.71,33.62,34.24,0.41,32.9,-0.04,33.45,31.94,34.71,33.62,38.42,31.04,38.68,31.27,34.5,41.36,40.24,39.27,8/25/25,2964.1233129711113,9.7183098591549,Flat,Stable,Stable,28.7,38.68,-9.98,9.98,True,False,False,True,False,True,False,False,True,False,Trending,Bearish,Bearish,63,True,8.859,17.83,-17.09,810.11,845.03,2.85,True,Age_16_plus,Put Debit Spread,Long Put,Directional,55,0.49637499999999996,Bearish,Medium,Medium,220.66198595787364,220.66198595787364,2,0.99,0.22066198595787365,500,volatility_scaled,True
MPWR,2025-08-25 07:24:34.590863,40.36,0.84,40.43,2.11,40.01,37.67,56.32,57.17,40.36,0.84,40.43,2.11,40.01,37.67,56.32,57.17,40.36,0.84,40.43,2.11,40.01,37.67,56.32,57.17,40.44,0.87,40.53,2.12,40.01,37.67,53.56,54.06,41.36,1.11,41.24,1.83,40.41,38.3,48.76,48.64,43.22,1.15,42.48,1.18,41.65,39.65,47.65,47.67,43.7,0.79,42.93,0.78,42.34,40.4,47.08,47.18,42.2,-0.1,42.51,1.16,42.28,40.45,46.72,46.84,42.74,-0.3,42.53,0.66,42.72,40.56,46.09,45.54,43.06,-0.15,42.57,0.53,42.62,40.83,46.47,45.73,42.97,-0.02,42.01,0.21,42.42,40.88,46.04,45.16,42.86,0.02,41.22,-0.31,42.56,40.85,45.55,44.08,42.86,0.02,41.22,-0.31,42.56,40.85,45.55,44.08,42.12,53.73,45.09,40.99,44.55,67.19,67.0,63.1,8/25/25,2964.1233129711113,3.17343173431734,Flat,Stable,Falling,40.44,45.09,-4.650000000000006,4.650000000000006,False,True,False,True,False,True,False,False,True,False,Trending,Bearish,Bearish,9,True,3.0397,-3.89,-20.24,950.21,966.56,3.39,True,Age_6_15,Put Debit Spread,Long Put,Directional,60,0.57,Bearish,Medium,Medium,240.7221664994985,240.7221664994985,2,1.33,0.24072216649949849,500,volatility_scaled,True
META,2025-08-25 07:24:35.957669,25.73,1.2,25.66,0.89,25.54,24.88,54.95,54.26,25.84,1.31,25.75,0.98,25.54,24.88,47.07,45.78,26.21,0.71,26.11,0.55,25.21,24.58,41.34,40.46,26.67,0.16,26.53,0.35,25.73,25.29,37.5,36.83,29.01,0.73,28.7,0.75,27.15,26.39,32.61,32.07,32.44,0.12,32.03,0.17,31.54,30.82,31.7,30.98,31.73,0.02,31.26,-0.08,31.66,30.94,33.6,32.75,31.93,0.26,31.32,0.21,31.34,30.42,32.88,31.9,33.47,0.08,32.81,0.15,32.95,31.87,32.45,31.54,34.09,-0.02,33.09,-0.06,34.11,32.88,33.83,32.59,34.28,-0.09,33.35,0.15,34.3,33.07,33.92,32.59,34.89,0.36,32.79,-0.3,34.76,32.85,35.2,33.2,35.18,0.64,32.66,-0.36,34.91,32.91,35.49,33.35,27.48,48.13,39.95,32.97,35.16,45.24,41.77,40.08,8/25/25,2964.1233129711113,7.98640611724725,Contango,Stable,Falling,26.67,39.95,-13.280000000000001,13.280000000000001,True,False,False,True,False,True,False,False,True,False,Trending,Bullish,Bullish,21,True,6.0148,7.78,6.33,655.51,656.96,2.62,True,Age_16_plus,Call Debit Spread,Long Call,Directional,55,0.49637499999999996,Bullish,Medium,Medium,220.66198595787364,220.66198595787364,2,0.99,0.22066198595787365,500,volatility_scaled,True
MCK,2025-08-25 07:24:37.570420,20.03,2.46,19.92,-0.86,19.92,21.58,23.0,23.48,20.02,2.45,20.01,-0.76,19.92,21.58,33.02,33.42,20.63,1.49,20.7,0.79,20.74,20.54,31.31,31.87,21.39,1.21,21.46,0.82,20.03,19.83,30.87,30.43,22.76,1.47,22.37,0.73,22.08,21.48,25.6,25.64,23.8,1.04,23.36,0.49,23.11,22.99,25.41,24.96,23.37,0.79,22.78,0.17,23.22,22.86,25.32,24.61,23.31,0.76,22.69,0.13,23.17,22.49,24.58,24.38,23.95,0.59,23.48,-0.08,23.82,23.04,24.18,24.27,24.15,0.68,23.22,-0.26,24.2,23.17,24.85,24.54,24.4,0.67,23.31,-0.26,24.3,23.26,24.58,24.1,24.65,0.64,23.29,-0.44,24.83,23.4,24.46,23.71,24.65,0.64,23.29,-0.44,24.83,23.4,24.46,23.71,27.76,32.3,26.68,22.82,22.74,23.64,23.27,22.42,8/25/25,2964.1233129711113,12.546125461254608,Flat,Rising,Stable,21.39,26.68,-5.289999999999999,5.289999999999999,True,False,False,True,False,True,False,False,True,False,Trending,Bearish,Bearish,22,True,6.0375,8.28,1.21,819.98,827.05,1.6,True,Age_16_plus,Put Debit Spread,Long Put,Directional,55,0.49637499999999996,Bearish,Medium,Medium,220.66198595787364,220.66198595787364,2,0.99,0.22066198595787365,500,volatility_scaled,True
GS,2025-08-25 07:24:40.758584,23.53,1.16,23.54,1.54,23.22,22.87,24.13,23.97,23.96,1.59,24.02,2.02,23.22,22.87,23.56,23.61,24.51,1.12,24.52,1.72,23.1,23.0,23.61,23.64,24.68,0.73,24.59,1.49,24.17,23.63,23.1,23.25,27.03,0.22,26.76,0.51,26.76,26.63,24.3,24.04,26.63,0.17,26.27,0.2,26.33,26.25,26.1,25.61,26.68,0.06,26.25,0.48,26.03,25.49,26.21,25.73,27.15,0.08,26.65,0.38,26.97,26.21,26.28,25.4,26.97,-0.06,26.45,0.23,26.76,26.07,26.88,26.12,27.16,0.28,26.52,0.45,27.32,26.57,27.7,26.42,27.32,0.11,26.68,0.27,27.55,26.51,27.95,26.52,27.89,0.02,26.77,-0.24,28.32,27.19,28.53,26.99,27.89,0.02,26.77,-0.24,28.32,27.19,28.53,26.99,29.06,24.17,22.17,21.17,23.17,37.02,34.82,33.76,8/25/25,2964.1233129711113,100.0,Flat,Stable,Rising,24.68,22.17,2.509999999999998,2.509999999999998,False,False,True,False,False,False,False,False,False,True,Trending,Bullish,Bullish,31,True,16.395,35.35,89.97,871.69,817.07,2.19,True,Age_16_plus,None,None,None,0,0.3,Neutral,Low,Medium,0.0,0.0,0,,,0,,
TYL,2025-08-25 07:24:43.940959,23.59,2.61,22.75,1.61,24.55,23.9,34.8,33.35,23.59,2.61,22.75,1.61,24.55,23.9,34.8,33.35,23.59,2.61,22.75,1.61,24.55,23.9,34.8,33.35,23.47,2.08,22.83,1.54,24.55,23.9,32.48,31.28,23.83,-0.23,23.5,0.99,23.81,23.13,28.32,27.58,25.36,0.33,24.71,1.05,24.69,23.91,27.38,26.63,25.98,0.5,25.19,0.97,25.22,24.39,26.89,26.15,25.76,0.52,24.9,0.64,25.58,24.52,26.6,25.85,25.61,0.54,24.7,0.41,25.84,24.57,26.46,25.6,25.51,0.56,24.57,0.26,26.05,24.62,26.28,25.28,25.51,0.56,24.57,0.26,26.05,24.62,26.28,25.28,25.51,0.56,24.57,0.26,26.05,24.62,26.28,25.28,25.51,0.56,24.57,0.26,26.05,24.62,26.28,25.28,25.79,31.37,27.05,24.17,25.42,28.94,28.45,27.55,8/25/25,2964.1233129711113,0.0,Flat,Stable,Stable,23.47,27.05,-3.580000000000002,3.580000000000002,False,True,False,True,False,True,False,False,True,False,Trending,Bearish,Bearish,128,True,4.0007,1.83,-10.74,459.22,471.8,2.07,True,Age_16_plus,Put Debit Spread,Long Put,Directional,55,0.49637499999999996,Bearish,Medium,Medium,220.66198595787364,220.66198595787364,2,0.99,0.22066198595787365,500,volatility_scaled,True
MSCI,2025-08-25 07:24:45.613351,21.83,1.64,21.28,0.06,20.95,20.3,22.64,21.68,21.83,1.64,21.28,0.06,20.95,20.3,22.64,21.68,21.83,1.64,21.28,0.06,20.95,20.3,22.64,21.68,21.64,1.42,21.2,-0.06,20.95,20.3,22.35,21.37,22.35,1.29,22.02,0.03,22.0,21.58,21.98,20.85,24.77,0.97,24.12,0.25,23.98,22.49,23.08,21.03,23.93,0.5,23.17,-0.07,24.08,22.81,24.79,22.76,24.11,0.25,23.44,-0.04,24.19,23.11,25.74,23.71,24.24,0.08,23.61,-0.02,24.33,23.34,25.73,23.71,24.65,-0.23,23.9,0.16,24.45,23.54,25.73,23.7,24.65,-0.23,23.9,0.16,24.45,23.54,25.73,23.7,24.65,-0.23,23.9,0.16,24.45,23.54,25.73,23.7,24.65,-0.23,23.9,0.16,24.45,23.54,25.73,23.7,23.17,22.91,35.05,28.14,25.42,30.76,29.19,28.13,8/25/25,2964.1233129711113,49.2857142857143,Flat,Stable,Falling,21.64,35.05,-13.409999999999997,13.409999999999997,True,False,False,False,False,True,False,False,True,False,Trending,Bullish,Bullish,7,True,15.1093,28.52,25.27,556.47,559.72,1.67,True,Age_6_15,None,None,None,0,0.3,Neutral,Low,Medium,0.0,0.0,0,,,0,,
LII,2025-08-25 07:24:47.259413,29.18,3.17,27.95,1.78,27.9,25.69,27.67,25.59,29.18,3.17,27.95,1.78,27.9,25.69,27.67,25.59,29.18,3.17,27.95,1.78,27.9,25.69,27.67,25.59,29.02,2.87,28.14,1.82,27.9,25.69,27.31,25.22,29.46,1.85,29.27,1.58,28.48,27.08,26.87,24.78,31.22,1.35,30.93,1.18,30.25,28.95,28.11,26.2,30.76,1.29,30.37,1.04,30.31,28.96,28.71,26.89,30.63,1.06,30.0,0.63,30.29,28.94,28.25,26.56,30.55,0.91,29.74,0.36,30.31,28.99,28.74,27.04,30.5,0.8,29.58,0.17,30.33,29.03,29.34,27.64,30.5,0.8,29.58,0.17,30.33,29.03,29.34,27.64,30.5,0.8,29.58,0.17,30.33,29.03,29.34,27.64,30.5,0.8,29.58,0.17,30.33,29.03,29.34,27.64,43.24,34.55,37.19,30.99,34.28,38.16,38.21,36.31,8/25/25,2964.1233129711113,100.0,Flat,Stable,Rising,29.02,37.19,-8.169999999999998,8.169999999999998,True,False,False,False,False,True,False,False,True,False,Ranging,Bullish,Bullish,23,True,0.0489,-0.57,5.03,498.73,493.13,2.35,True,Age_16_plus,None,None,None,0,0.3,Neutral,Low,Medium,0.0,0.0,0,,,0,,
CHE,2025-08-25 07:24:51.259863,28.11,-1.34,27.93,-1.47,28.97,30.06,41.06,40.9,28.11,-1.34,27.93,-1.47,28.97,30.06,41.06,40.9,28.11,-1.34,27.93,-1.47,28.97,30.06,41.06,40.9,27.45,-1.61,27.3,-1.62,28.97,30.06,37.73,37.06,26.38,-0.21,26.12,0.46,27.85,27.14,31.65,29.9,27.43,-0.3,26.77,0.3,28.01,27.16,30.6,29.21,27.87,-0.39,27.03,0.18,28.15,27.3,30.07,28.87,27.74,-0.36,26.87,0.29,28.05,27.03,29.74,28.65,27.65,-0.33,26.77,0.36,27.95,26.77,29.53,28.28,27.59,-0.31,26.7,0.42,27.86,26.55,29.26,27.82,27.59,-0.31,26.7,0.42,27.86,26.55,29.26,27.82,27.59,-0.31,26.7,0.42,27.86,26.55,29.26,27.82,27.59,-0.31,26.7,0.42,27.86,26.55,29.26,27.82,20.02,43.88,38.12,40.74,37.79,34.61,33.86,31.82,8/25/25,2964.1233129711113,0.0,Flat,Falling,Falling,27.45,38.12,-10.669999999999998,10.669999999999998,True,False,False,True,False,True,False,False,True,False,Trending,Bullish,Bullish,3,True,2.0416,2.51,-2.97,429.67,435.15,1.85,True,Age_0_5,Call Debit Spread,Long Call,Directional,70,0.6982499999999999,Bullish,High,Medium,280.84252758274823,280.84252758274823,2,2.31,0.28084252758274825,500,volatility_scaled,True
MA,2025-08-25 07:24:56.128835,16.52,1.51,16.46,1.03,18.05,17.66,33.6,31.78,16.73,1.72,16.62,1.2,18.05,17.66,30.25,28.13,17.0,0.77,16.85,0.81,17.56,17.25,26.4,25.06,17.36,0.67,17.16,0.55,17.45,17.52,23.92,22.51,19.16,0.55,18.8,0.59,18.99,18.57,22.58,20.83,21.0,0.23,20.41,0.51,20.46,20.04,22.32,20.72,20.51,-0.16,19.99,0.21,20.62,20.04,22.47,21.04,20.49,-0.01,19.86,0.19,20.63,19.92,22.55,21.21,21.2,0.13,20.33,0.23,21.36,20.36,22.48,21.06,22.03,0.25,20.81,0.01,22.1,20.76,23.25,21.66,22.49,0.23,21.28,0.15,22.73,21.23,23.71,21.8,23.92,0.3,21.89,-0.23,24.04,21.97,24.61,22.48,23.92,0.3,21.89,-0.23,24.04,21.97,24.61,22.48,9.09,15.81,13.59,21.84,20.88,26.94,25.28,24.09,8/25/25,2964.1233129711113,0.0,Contango,Stable,Falling,17.36,13.59,3.7699999999999996,3.7699999999999996,False,True,False,True,True,False,False,False,True,False,Trending,Bullish,Bullish,14,True,9.1263,20.39,24.15,559.21,555.45,1.47,True,Age_6_15,None,None,None,0,0.3,Neutral,Low,Medium,0.0,0.0,0,,,0,,
FIX,2025-08-25 07:25:01.778675,38.88,0.79,38.88,2.84,37.28,36.55,49.75,52.19,38.88,0.79,38.88,2.84,37.28,36.55,49.75,52.19,38.88,0.79,38.88,2.84,37.28,36.55,49.75,52.19,38.97,0.74,39.14,2.95,37.28,36.55,47.33,49.27,39.99,0.48,40.33,2.56,38.12,37.56,43.04,44.02,42.06,0.41,41.87,1.58,40.88,40.05,41.45,42.15,43.06,0.38,42.62,1.12,42.38,41.4,41.56,41.91,43.61,0.33,43.03,0.81,43.26,42.18,41.63,41.77,43.88,0.22,43.17,0.37,43.88,42.83,41.67,41.68,45.37,-0.2,44.55,0.31,45.69,44.39,41.67,41.68,45.37,-0.2,44.55,0.31,45.8,44.46,41.67,41.68,45.37,-0.2,44.55,0.31,45.8,44.46,41.67,41.68,45.37,-0.2,44.55,0.31,45.8,44.46,41.67,41.68,31.24,24.17,63.2,48.35,45.91,54.8,67.32,63.7,8/25/25,2964.1233129711113,16.815920398009933,Flat,Stable,Falling,38.97,63.2,-24.230000000000004,24.230000000000004,True,False,False,True,False,True,False,False,True,False,Trending,Bullish,Bullish,0,True,6.0226,-2.91,21.66,966.74,942.17,4.51,True,Age_0_5,Call Debit Spread,Long Call,Directional,70,0.6982499999999999,Bullish,High,Medium,280.84252758274823,280.84252758274823,2,2.31,0.28084252758274825,500,volatility_scaled,True
ISRG,2025-08-25 07:25:03.360517,25.4,1.58,25.41,1.47,25.85,25.41,28.26,27.98,26.02,2.2,25.6,1.67,25.85,25.41,28.45,25.59,26.41,1.26,25.77,0.56,25.08,24.86,27.7,25.95,25.87,0.24,25.85,0.37,25.35,24.93,26.45,25.48,28.3,-0.01,27.44,-0.46,27.22,26.64,27.54,25.48,29.27,0.01,28.6,0.14,28.73,28.03,29.05,27.18,29.87,0.11,29.25,0.45,29.48,28.72,30.02,28.17,30.76,0.0,29.98,-0.41,30.69,29.21,30.58,28.75,30.95,0.12,30.05,-0.26,30.75,29.46,30.91,29.12,31.16,0.38,30.17,-0.07,30.81,29.69,30.88,29.63,31.34,0.51,29.98,-0.12,30.8,29.41,31.15,29.78,31.9,0.46,29.87,-0.48,31.55,29.62,32.16,30.25,31.9,0.46,29.87,-0.48,31.55,29.62,32.16,30.25,17.68,20.06,19.85,22.13,23.49,37.89,35.68,34.73,8/25/25,2964.1233129711113,47.27272727272732,Flat,Stable,Falling,25.87,19.85,6.02,6.02,True,False,False,False,True,False,False,False,True,False,Trending,Bullish,Bullish,66,True,10.0094,12.29,27.72,565.52,550.09,1.88,True,Age_16_plus,None,None,None,0,0.3,Neutral,Low,Medium,0.0,0.0,0,,,0,,
IDXX,2025-08-25 07:25:04.924235,22.41,-0.15,23.01,1.4,24.34,21.68,39.43,40.62,22.41,-0.15,23.01,1.4,24.34,21.68,39.43,40.62,22.41,-0.15,23.01,1.4,24.34,21.68,39.43,40.62,22.52,0.07,22.76,1.24,24.34,21.68,36.04,37.15,24.16,1.58,23.57,1.68,23.25,22.25,29.69,30.53,27.4,1.13,26.68,0.91,27.06,26.12,27.98,27.59,28.53,0.67,27.76,0.36,29.09,28.11,28.41,28.21,27.66,0.45,26.91,0.6,28.42,27.03,28.63,28.52,28.17,0.3,27.43,0.43,28.58,27.15,27.91,27.59,28.75,0.09,28.03,0.21,29.02,27.62,27.91,27.59,28.75,0.09,28.03,0.21,29.02,27.62,27.91,27.59,28.75,0.09,28.03,0.21,29.02,27.62,27.91,27.59,28.75,0.09,28.03,0.21,29.02,27.62,27.91,27.59,20.77,96.97,79.52,56.75,50.22,49.16,47.18,44.28,8/25/25,2964.1233129711113,0.0,Contango,Falling,Falling,22.52,79.52,-57.0,57.0,True,False,False,True,False,True,False,False,True,False,Trending,Bearish,Bearish,11,True,-7.4147,-18.48,-3.8,706.96,692.28,2.31,True,Age_6_15,Put Debit Spread,Long Put,Directional,60,0.57,Bearish,Medium,Medium,240.7221664994985,240.7221664994985,2,1.33,0.24072216649949849,500,volatility_scaled,True
AMP,2025-08-25 07:25:07.903040,21.05,1.78,21.7,1.39,24.78,20.91,28.51,28.93,21.05,1.78,21.7,1.39,24.78,20.91,28.51,28.93,21.05,1.78,21.7,1.39,24.78,20.91,28.51,28.93,21.05,1.58,21.55,1.09,24.78,20.91,27.09,27.56,21.6,0.58,21.64,-0.03,24.05,22.12,24.68,25.21,22.98,0.5,22.64,-0.35,24.39,23.25,24.59,24.95,23.56,0.42,23.11,-0.47,24.62,23.85,24.54,24.81,23.51,0.68,23.26,0.08,24.25,23.69,24.5,24.71,23.49,0.5,23.08,-0.25,24.38,23.61,24.13,24.18,23.47,0.38,22.96,-0.47,24.57,23.57,24.46,24.4,23.47,0.38,22.96,-0.47,24.57,23.57,24.46,24.4,23.47,0.38,22.96,-0.47,24.57,23.57,24.46,24.4,23.47,0.38,22.96,-0.47,24.57,23.57,24.46,24.4,21.54,21.68,25.01,20.91,22.98,34.28,32.23,30.64,8/25/25,2964.1233129711113,0.0,Flat,Falling,Falling,21.05,25.01,-3.960000000000001,3.960000000000001,False,True,False,True,False,True,False,False,True,False,Trending,Bullish,Bullish,22,True,7.9735,18.19,32.04,483.64,469.79,1.72,True,Age_16_plus,Call Debit Spread,Long Call,Directional,55,0.49637499999999996,Bullish,Medium,Medium,220.66198595787364,220.66198595787364,2,0.99,0.22066198595787365,500,volatility_scaled,True
REGN,2025-08-25 07:25:09.483934,33.88,3.98,33.86,1.98,31.38,33.43,62.22,59.28,33.45,3.56,34.05,2.17,31.38,33.43,53.46,51.2,33.74,3.34,34.0,2.62,32.88,32.48,47.94,46.34,33.98,2.98,33.8,1.32,32.2,31.9,44.26,43.28,33.49,1.83,33.05,1.71,33.41,32.89,40.68,39.63,35.14,0.61,35.01,1.02,35.4,34.2,39.55,38.44,34.27,0.12,33.58,0.14,34.97,33.79,38.97,37.83,35.23,-0.01,34.46,-0.38,35.92,34.44,38.13,36.95,35.8,-0.21,35.5,0.52,36.03,34.37,38.0,36.73,35.34,0.11,34.36,-0.01,35.34,33.5,37.89,35.88,35.35,-0.24,34.55,0.15,35.66,33.55,37.81,35.58,36.0,0.11,34.51,0.02,36.63,33.87,38.14,35.67,36.0,0.11,34.51,0.02,36.63,33.87,38.14,35.67,31.2,27.87,28.25,51.04,51.12,49.08,45.69,43.56,8/25/25,2964.1233129711113,14.759535655058,Flat,Rising,Rising,33.98,28.25,5.729999999999997,5.729999999999997,True,False,False,True,True,False,False,False,True,False,Trending,Bullish,Bullish,65,True,21.8305,37.67,90.11,747.3,694.86,2.33,True,Age_16_plus,None,None,None,0,0.3,Neutral,Low,Medium,0.0,0.0,0,,,0,,
GEV,2025-08-25 07:25:10.865812,41.75,1.08,41.38,0.93,43.09,42.74,49.14,47.12,43.02,2.35,42.4,1.95,43.09,42.74,47.59,46.06,43.94,1.91,43.35,1.61,42.02,41.2,46.63,44.99,44.05,0.98,42.98,0.53,42.22,42.61,45.4,43.85,45.24,0.23,44.87,0.7,43.15,43.0,44.92,43.47,47.38,0.22,46.54,0.04,46.32,45.91,45.18,43.84,48.19,0.33,47.17,-0.05,47.24,46.6,47.31,45.8,47.85,0.2,47.34,0.62,47.08,46.32,46.95,45.53,48.37,0.49,47.64,0.27,47.39,46.54,46.54,45.07,47.43,0.23,46.69,-0.07,46.93,46.28,46.93,45.4,47.33,0.55,46.12,-0.14,47.14,46.35,47.09,45.44,47.52,0.93,45.85,-0.22,47.23,46.21,47.71,45.82,47.52,0.93,45.85,-0.22,47.23,46.21,47.71,45.82,26.41,29.28,49.51,40.79,39.87,53.72,63.53,60.41,8/25/25,2964.1233129711113,57.54716981132071,Flat,Stable,Falling,44.05,49.51,-5.460000000000001,5.460000000000001,True,False,False,False,False,True,False,False,True,False,Trending,Bullish,Bullish,28,True,6.76,17.45,59.16,646.01,604.3,5.33,True,Age_16_plus,None,None,None,0,0.3,Neutral,Low,Medium,0.0,0.0,0,,,0,,
DE,2025-08-25 07:25:13.745359,22.21,2.7,21.87,1.81,22.36,22.11,27.12,26.28,21.95,2.44,21.7,1.65,22.36,22.11,25.78,25.56,21.45,0.82,22.15,2.29,22.77,22.07,31.93,31.0,22.43,1.87,22.07,1.18,22.57,22.51,31.25,31.41,23.3,1.04,23.05,1.06,23.43,22.86,28.41,28.23,24.81,0.49,24.43,0.77,25.18,24.38,28.07,27.42,25.45,0.19,24.98,0.55,26.14,25.22,27.89,27.0,25.51,0.38,24.84,0.52,26.03,24.91,27.75,26.73,25.97,0.5,25.25,0.46,26.31,25.02,26.86,26.29,26.59,0.54,25.77,0.46,26.85,25.47,27.43,26.57,26.68,0.33,25.75,0.09,27.11,25.72,27.56,26.49,27.88,0.04,26.32,-0.4,28.68,26.48,28.78,27.1,28.1,0.12,26.43,-0.45,28.9,26.67,28.97,27.17,41.31,36.29,31.32,25.74,25.92,31.21,30.69,29.8,8/25/25,2964.1233129711113,0.0,Flat,Stable,Rising,22.43,31.32,-8.89,8.89,True,False,False,True,False,True,False,True,True,False,Trending,Bearish,Bearish,4,True,-5.3721,-4.67,-3.76,473.6,472.69,2.01,True,Age_0_5,Long Straddle,Long Strangle,Volatility,65,0.6174999999999999,Bidirectional,Medium,Medium,260.7823470411234,260.7823470411234,2,1.21,0.2607823470411234,500,volatility_scaled,True
TDY,2025-08-25 07:25:15.541775,20.14,0.24,20.14,0.24,20.68,20.69,20.49,20.49,20.14,0.24,20.14,0.24,20.68,20.69,20.49,20.49,20.14,0.24,20.14,0.24,20.68,20.69,20.49,20.49,19.81,0.0,19.86,0.05,20.68,20.69,20.44,20.34,19.47,0.18,19.45,0.2,20.07,20.28,20.41,20.12,20.44,0.52,20.01,0.28,20.81,20.79,20.93,20.4,20.9,0.67,20.25,0.29,21.25,21.09,21.18,20.54,21.09,0.55,20.24,0.11,21.46,21.13,21.34,20.62,21.22,0.47,20.23,-0.01,21.6,21.13,21.52,20.69,21.68,0.42,20.66,0.17,22.07,21.3,21.75,20.78,21.92,0.51,20.58,-0.12,22.03,21.28,21.75,20.78,22.4,0.6,20.72,-0.16,22.49,21.39,21.75,20.78,22.4,0.6,20.72,-0.16,22.49,21.39,21.75,20.78,17.49,14.57,17.63,15.19,16.51,24.93,24.97,23.6,8/25/25,2964.1233129711113,0.0,Flat,Stable,Stable,19.81,17.63,2.1799999999999997,2.1799999999999997,False,False,True,True,False,False,False,False,False,True,Trending,Bullish,Bullish,4,True,5.4104,5.89,1.09,511.46,516.26,1.9,True,Age_0_5,None,None,None,0,0.3,Neutral,Low,Medium,0.0,0.0,0,,,0,,
CASY,2025-08-25 07:25:16.942786,36.8,0.44,36.88,1.4,32.22,33.49,23.61,22.63,36.8,0.44,36.88,1.4,32.22,33.49,23.61,22.63,36.8,0.44,36.88,1.4,32.22,33.49,23.61,22.63,35.05,-0.69,35.03,0.08,32.22,33.49,26.15,25.25,30.31,-0.71,29.97,-0.88,29.35,30.08,29.58,28.78,28.95,-0.32,28.53,-0.32,28.35,28.34,28.12,27.39,30.29,-0.44,29.94,-0.33,29.89,29.27,27.37,26.67,29.3,-0.38,28.82,-0.27,29.44,28.69,29.11,28.14,28.64,-0.32,28.07,-0.21,28.73,27.95,28.79,27.79,28.64,-0.28,28.07,-0.16,28.56,27.77,28.54,27.52,28.64,-0.28,28.07,-0.16,28.56,27.77,28.54,27.52,28.64,-0.28,28.07,-0.16,28.56,27.77,28.54,27.52,28.64,-0.28,28.07,-0.16,28.56,27.77,28.54,27.52,12.96,12.99,13.62,27.71,26.4,32.27,31.0,29.37,8/25/25,2964.1233129711113,100.0,Inverted,Rising,Stable,35.05,13.62,21.43,21.43,True,False,False,False,True,False,True,False,True,False,Trending,Bullish,Bullish,7,True,9.8075,10.04,21.22,558.76,547.58,2.51,True,Age_6_15,Put Credit Spread,Calendar Spread,Mixed,75,0.7875000000000001,Bullish,High,Medium,300.90270812437313,300.90270812437313,3,3.71,0.30090270812437314,500,volatility_scaled,True
CACC,2025-08-25 07:25:18.548095,28.22,-0.53,28.52,0.14,31.08,30.55,42.99,46.11,28.22,-0.53,28.52,0.14,31.08,30.55,42.99,46.11,28.22,-0.53,28.52,0.14,31.08,30.55,42.99,46.11,28.62,-0.16,28.76,0.41,31.08,30.55,40.31,42.92,32.13,1.66,31.86,2.09,30.73,30.22,35.49,37.12,37.7,0.97,37.26,0.81,37.08,36.58,34.34,35.81,36.4,1.01,35.74,0.53,37.33,36.96,36.28,37.21,35.53,0.78,35.04,0.67,36.27,35.83,35.11,36.09,36.59,0.8,35.89,0.58,36.56,36.06,34.76,35.63,35.68,0.23,35.16,0.33,36.53,35.85,35.97,36.17,36.02,0.54,34.83,0.18,36.29,35.28,35.39,35.3,36.54,0.56,35.15,0.17,36.76,35.42,34.9,34.49,36.54,0.56,35.15,0.17,36.76,35.42,34.9,34.49,31.69,44.76,40.96,37.48,37.12,39.22,37.12,35.82,8/25/25,2964.1233129711113,0.0,Contango,Falling,Falling,28.62,40.96,-12.34,12.34,True,False,False,True,False,True,False,False,True,False,Neutral,Bullish,Bullish,24,True,-1.3889,-6.26,-1.16,463.49,458.39,2.89,True,Age_16_plus,Call Debit Spread,Long Call,Directional,55,0.49637499999999996,Bullish,Medium,Medium,220.66198595787364,220.66198595787364,2,0.99,0.22066198595787365,500,volatility_scaled,True
SNPS,2025-08-25 07:25:20.232723,29.88,-0.88,30.72,1.13,31.27,29.95,32.79,30.34,37.17,6.4,37.65,8.05,31.27,29.95,32.79,30.34,41.22,1.71,41.33,1.84,29.14,26.72,32.79,30.34,38.8,0.49,38.51,1.68,37.98,36.75,33.84,32.15,35.41,0.77,34.73,1.28,33.74,33.25,35.47,34.85,36.05,1.02,35.27,1.17,35.18,33.94,35.81,35.05,36.08,0.89,35.35,0.96,36.09,34.45,35.99,35.15,34.97,0.14,34.56,1.0,35.19,33.91,36.06,35.2,35.43,0.39,34.68,0.84,35.18,33.97,35.55,35.02,35.0,0.22,34.22,0.47,35.38,34.21,36.05,35.12,34.91,0.43,33.87,0.09,35.57,34.24,36.11,34.98,35.4,0.34,33.57,-0.43,35.58,34.16,36.24,34.69,35.4,0.34,33.57,-0.43,35.58,34.16,36.24,34.69,20.63,34.29,33.74,30.47,34.86,40.03,40.22,41.42,8/25/25,2964.1233129711113,100.0,Mixed,Stable,Falling,38.8,33.74,5.059999999999995,5.059999999999995,True,False,False,False,True,False,False,False,True,False,Trending,Bullish,Bullish,24,True,10.7542,15.0,39.5,462.14,437.64,3.0,True,Age_16_plus,Put Credit Spread,Naked Put,Directional,65,0.648375,Bullish,Medium,Medium,260.7823470411234,260.7823470411234,2,1.84,0.2607823470411234,500,volatility_scaled,True
NOC,2025-08-25 07:25:23.080139,16.35,1.25,16.13,0.58,17.88,16.62,18.79,19.04,16.35,1.25,16.13,0.58,17.88,16.62,18.79,19.04,16.35,1.25,16.13,0.58,17.88,16.62,18.79,19.04,16.49,1.28,15.97,0.28,17.88,16.62,18.77,19.02,17.98,1.23,16.86,-0.43,17.75,16.89,18.96,19.18,20.5,0.64,19.57,-0.9,20.31,19.15,20.94,20.92,20.36,0.33,19.6,-0.27,21.07,19.73,21.86,21.74,20.56,0.28,19.94,0.27,21.34,19.9,21.75,21.54,21.61,-0.18,21.19,0.03,22.61,20.62,21.76,21.46,22.6,0.07,21.61,-0.01,23.16,21.64,22.83,22.12,22.69,-0.07,21.73,-0.05,23.54,21.63,23.52,22.19,23.19,-0.03,22.19,0.33,24.01,22.19,24.29,22.75,23.19,-0.03,22.19,0.33,24.01,22.19,24.29,22.75,7.98,9.95,27.63,25.12,33.21,32.89,32.03,30.29,8/25/25,2964.1233129711113,0.0,Contango,Falling,Falling,16.49,27.63,-11.14,11.14,True,False,False,True,False,True,False,False,True,False,Trending,Bullish,Bullish,10,True,9.9147,13.96,6.62,563.41,570.75,1.84,True,Age_6_15,Call Debit Spread,Long Call,Directional,60,0.57,Bullish,Medium,Medium,240.7221664994985,240.7221664994985,2,1.33,0.24072216649949849,500,volatility_scaled,True
KNSL,2025-08-25 07:25:27.611327,31.86,3.02,30.95,1.81,30.16,30.15,48.57,45.0,31.86,3.02,30.95,1.81,30.16,30.15,48.57,45.0,31.86,3.02,30.95,1.81,30.16,30.15,48.57,45.0,31.77,2.87,31.22,1.97,30.16,30.15,45.1,42.25,31.87,2.21,31.92,1.66,30.23,29.15,38.86,37.31,32.6,1.29,32.16,0.91,32.77,30.37,37.72,35.77,32.96,0.85,32.28,0.54,34.16,31.1,37.13,35.46,33.25,0.65,32.44,0.4,34.96,31.53,36.77,35.27,33.69,0.69,32.84,0.51,35.02,31.77,36.55,35.16,34.19,0.72,33.29,0.62,34.99,32.07,36.55,35.16,34.19,0.72,33.29,0.62,34.99,32.07,36.55,35.16,34.19,0.72,33.29,0.62,34.99,32.07,36.55,35.16,34.19,0.72,33.29,0.62,34.99,32.07,36.55,35.16,31.8,29.34,27.42,25.55,41.1,41.03,40.02,39.0,8/25/25,2964.1233129711113,10.776439089692097,Flat,Rising,Rising,31.77,27.42,4.349999999999998,4.349999999999998,False,True,False,True,True,False,False,False,True,False,Trending,Bullish,Bullish,8,True,5.3479,10.82,-2.66,382.57,396.05,2.61,True,Age_6_15,None,None,None,0,0.3,Neutral,Low,Medium,0.0,0.0,0,,,0,,
LIN,2025-08-25 07:25:29.088495,15.61,1.54,15.57,1.07,13.63,13.22,22.55,20.87,15.61,1.54,15.57,1.07,13.63,13.22,22.55,20.87,15.61,1.54,15.57,1.07,13.63,13.22,22.55,20.87,15.71,1.49,15.62,0.93,13.63,13.22,21.42,20.01,16.2,0.85,16.0,-0.01,15.95,15.11,19.42,18.5,16.89,0.61,16.67,0.16,17.53,16.25,18.86,17.99,17.59,0.54,17.08,0.14,18.01,16.65,19.25,18.24,17.94,0.45,17.31,0.11,18.2,16.84,19.47,18.39,18.0,0.32,17.38,0.09,18.29,17.04,19.61,18.51,18.59,0.42,17.64,-0.18,18.64,17.66,19.55,18.92,19.12,0.35,18.17,-0.17,19.14,18.29,19.53,18.86,20.09,0.25,18.94,-0.33,20.65,19.53,20.1,18.99,20.09,0.25,18.94,-0.33,20.65,19.53,20.1,18.99,6.43,11.9,11.93,12.27,13.94,21.47,20.5,19.89,8/25/25,2964.1233129711113,26.700898587933246,Flat,Rising,Falling,15.71,11.93,3.780000000000001,3.780000000000001,False,True,False,True,True,False,False,False,True,False,Trending,Bullish,Bullish,9,True,5.7107,13.38,4.89,411.39,419.88,1.68,True,Age_6_15,None,None,None,0,0.3,Neutral,Low,Medium,0.0,0.0,0,,,0,,
LMT,2025-08-25 07:25:32.790589,19.87,1.97,20.53,4.23,21.94,20.83,22.03,21.93,19.58,1.67,19.87,3.56,21.94,20.83,23.06,22.42,19.49,0.69,19.22,1.66,20.98,19.79,22.77,22.05,19.58,0.52,19.22,1.08,20.89,20.57,23.29,22.7,20.53,0.04,20.45,0.71,22.45,21.06,23.45,21.68,22.26,0.01,22.14,1.38,23.51,22.32,24.03,22.37,22.88,-0.16,22.77,1.56,24.04,23.01,24.31,22.71,22.46,-0.3,22.48,1.6,23.8,22.75,24.47,22.9,22.96,-0.5,22.92,1.33,24.22,22.76,24.49,22.84,23.79,-0.56,23.56,0.93,24.69,22.99,25.48,23.49,24.11,-0.44,23.68,0.74,25.05,23.22,25.66,23.75,24.2,-0.74,23.54,0.28,25.52,23.28,26.27,24.12,24.2,-0.74,23.54,0.28,25.52,23.28,26.27,24.12,15.82,14.67,36.92,32.36,29.23,30.11,30.98,29.23,8/25/25,2964.1233129711113,0.0,Flat,Falling,Falling,19.58,36.92,-17.340000000000003,17.340000000000003,True,False,False,True,False,True,False,False,True,False,Trending,Bullish,Bullish,15,True,7.0393,15.35,13.16,467.68,469.87,2.09,True,Age_6_15,Call Debit Spread,Long Call,Directional,60,0.57,Bullish,Medium,Medium,240.7221664994985,240.7221664994985,2,1.33,0.24072216649949849,500,volatility_scaled,True
ULTA,2025-08-25 07:25:36.169526,53.88,4.06,53.6,3.92,52.39,50.87,24.53,25.43,49.08,-0.74,48.7,-0.98,52.39,50.87,24.28,24.02,42.71,-0.99,42.46,0.01,42.25,43.9,24.16,23.9,38.59,-0.72,38.09,-0.57,38.48,38.85,23.65,23.76,33.91,0.02,33.21,0.28,33.52,32.86,31.73,31.07,33.88,-0.33,33.4,0.0,33.67,33.01,31.67,30.95,33.66,-0.69,33.21,-0.35,33.87,33.33,31.64,30.88,32.73,-1.23,31.97,-0.41,33.58,32.76,31.62,30.83,33.07,-1.23,32.37,-0.25,33.97,32.98,31.59,30.6,33.22,-0.78,32.34,-0.61,34.18,32.95,32.06,31.4,33.69,-0.27,32.38,-0.64,34.0,32.75,32.55,31.63,34.21,0.31,32.79,0.06,34.73,33.58,33.73,32.22,34.21,0.31,32.79,0.06,34.73,33.58,33.73,32.22,26.37,24.01,21.51,29.56,29.01,40.16,39.15,38.63,8/25/25,2964.1233129711113,100.0,Inverted,Stable,Rising,38.59,21.51,17.080000000000002,17.080000000000002,True,False,False,False,True,False,False,False,True,False,Trending,Bullish,Bullish,28,True,11.2241,22.83,62.09,584.69,545.43,2.45,True,Age_16_plus,Put Credit Spread,Naked Put,Directional,65,0.648375,Bullish,Medium,Medium,260.7823470411234,260.7823470411234,2,1.84,0.2607823470411234,500,volatility_scaled,True
GPI,2025-08-25 07:25:45.098932,29.66,1.33,29.39,2.32,29.03,29.46,36.1,37.71,29.66,1.33,29.39,2.32,29.03,29.46,36.1,37.71,29.66,1.33,29.39,2.32,29.03,29.46,36.1,37.71,29.66,1.26,29.27,2.12,29.03,29.46,35.09,36.4,30.16,1.0,29.56,1.41,29.91,29.98,33.37,34.17,31.29,0.65,30.75,0.6,31.61,31.38,33.11,33.83,30.74,0.19,30.12,0.2,31.51,31.16,33.78,34.16,30.66,0.06,29.99,0.12,31.15,30.73,33.12,33.79,31.44,-0.21,30.68,0.05,31.77,31.15,32.75,33.49,31.07,0.32,30.01,0.01,31.66,30.86,32.81,32.33,30.91,0.34,29.68,-0.16,31.25,30.24,32.41,31.8,31.25,0.36,29.86,-0.07,31.47,30.25,32.35,31.52,31.25,0.36,29.86,-0.07,31.47,30.25,32.35,31.52,39.37,34.94,46.6,38.09,34.12,41.67,38.92,36.26,8/25/25,2964.1233129711113,10.396039603960375,Flat,Stable,Falling,29.66,46.6,-16.94,16.94,True,False,False,True,False,True,False,False,True,False,Neutral,Bullish,Bullish,23,True,-0.8592,-0.63,1.84,408.18,405.72,2.54,True,Age_16_plus,Call Debit Spread,Long Call,Directional,55,0.49637499999999996,Bullish,Medium,Medium,220.66198595787364,220.66198595787364,2,0.99,0.22066198595787365,500,volatility_scaled,True
WSO,2025-08-25 07:25:46.318400,28.62,2.23,29.26,2.87,25.42,25.35,38.43,39.74,28.62,2.23,29.26,2.87,25.42,25.35,38.43,39.74,28.62,2.23,29.26,2.87,25.42,25.35,38.43,39.74,28.59,2.16,29.03,2.54,25.42,25.35,35.74,37.02,28.99,1.74,28.93,1.31,24.83,25.22,30.91,31.99,29.97,0.36,29.78,0.38,27.02,27.3,30.16,29.98,29.22,0.67,29.14,0.51,27.29,27.49,30.85,30.92,29.47,0.22,29.51,0.41,28.28,28.02,29.48,29.53,29.6,-0.1,29.7,0.3,29.14,28.51,29.59,29.35,29.12,0.21,28.79,0.12,29.15,28.64,29.15,28.61,29.12,0.21,28.79,0.12,29.15,28.64,29.15,28.61,29.12,0.21,28.79,0.12,29.15,28.64,29.15,28.61,29.12,0.21,28.79,0.12,29.15,28.64,29.15,28.61,33.39,35.36,31.26,27.47,33.58,35.46,35.15,33.21,8/25/25,2964.1233129711113,30.717054263565874,Flat,Rising,Rising,28.59,31.26,-2.6700000000000017,2.6700000000000017,False,False,True,False,False,False,False,False,False,True,Ranging,Bearish,Bearish,10,True,-0.047,0.74,-2.96,347.35,351.05,2.68,True,Age_6_15,None,None,None,0,0.3,Neutral,Low,Medium,0.0,0.0,0,,,0,,
TT,2025-08-25 07:25:50.418869,23.59,1.21,23.36,1.72,20.71,21.75,30.1,29.1,23.59,1.21,23.36,1.72,20.71,21.75,30.1,29.1,23.59,1.21,23.36,1.72,20.71,21.75,30.1,29.1,23.32,0.83,23.07,1.36,20.71,21.75,28.5,27.49,23.8,0.19,23.33,0.64,21.79,21.87,25.73,24.68,26.18,0.55,25.37,0.12,24.51,24.51,25.52,24.52,25.43,0.32,24.96,0.01,24.93,25.1,26.09,25.21,25.59,0.4,24.76,0.24,24.63,24.5,26.42,25.58,26.47,0.25,25.76,0.25,25.7,25.31,26.37,25.11,26.82,0.11,25.89,0.06,26.38,25.76,27.51,26.41,27.13,0.27,26.01,-0.02,26.66,25.82,27.76,26.46,27.4,0.33,26.08,-0.07,26.97,25.81,28.06,26.6,27.4,0.33,26.08,-0.07,26.97,25.81,28.06,26.6,19.7,34.76,32.36,24.55,28.36,32.06,32.22,30.5,8/25/25,2964.1233129711113,33.504492939666235,Flat,Rising,Falling,23.32,32.36,-9.04,9.04,True,False,False,False,False,True,False,False,True,False,Ranging,Bearish,Bearish,43,True,-0.2743,-5.72,-20.4,398.31,412.99,2.1,True,Age_16_plus,None,None,None,0,0.3,Neutral,Low,Medium,0.0,0.0,0,,,0,,
CVCO,2025-08-25 07:25:52.633455,30.02,-0.49,29.88,-0.12,31.5,31.62,41.31,40.98,30.02,-0.49,29.88,-0.12,31.5,31.62,41.31,40.98,30.02,-0.49,29.88,-0.12,31.5,31.62,41.31,40.98,30.0,-0.4,29.84,-0.13,31.5,31.62,39.38,38.83,30.52,0.55,30.19,0.11,30.88,30.89,36.07,35.13,31.9,0.46,31.27,-0.09,32.1,32.11,35.61,34.72,32.53,0.38,31.76,-0.21,32.81,32.83,35.37,34.51,32.66,0.18,31.88,-0.12,33.04,32.88,35.22,34.38,32.76,0.05,31.95,-0.05,33.15,32.84,34.97,34.02,32.82,-0.05,32.0,-0.02,33.25,32.81,34.65,33.57,32.82,-0.05,32.0,-0.02,33.25,32.81,34.65,33.57,32.82,-0.05,32.0,-0.02,33.25,32.81,34.65,33.57,32.82,-0.05,32.0,-0.02,33.25,32.81,34.65,33.57,47.01,39.85,39.13,35.72,35.83,38.22,36.69,35.62,8/25/25,2964.1233129711113,0.0,Flat,Stable,Rising,30.0,39.13,-9.130000000000003,9.130000000000003,True,False,False,True,False,True,False,True,True,False,Trending,Bullish,Bullish,35,True,2.462,7.71,27.25,592.73,573.19,3.25,True,Age_16_plus,Long Straddle,Long Strangle,Volatility,65,0.6174999999999999,Bidirectional,Medium,Medium,260.7823470411234,260.7823470411234,2,1.21,0.2607823470411234,500,volatility_scaled,True
DUOL,2025-08-25 07:25:55.671191,54.51,4.7,55.08,5.5,52.88,52.48,87.82,87.26,56.73,6.91,56.24,6.66,52.88,52.48,87.82,87.26,57.74,3.89,56.92,4.35,50.72,50.38,87.82,87.26,57.07,1.9,57.16,3.14,53.85,52.65,81.11,80.29,59.9,2.86,59.82,3.92,54.99,54.06,68.64,67.23,66.45,0.59,66.36,1.71,63.27,62.19,64.37,62.73,63.24,0.25,62.81,0.83,62.61,61.76,65.95,64.65,61.58,0.4,61.0,0.75,60.68,60.06,63.11,61.72,61.77,0.48,61.28,1.31,60.88,59.51,61.19,59.68,64.65,0.51,63.61,0.79,63.83,62.46,61.44,59.57,64.19,0.55,62.87,0.66,64.51,62.81,60.65,58.97,63.74,0.61,62.11,0.52,65.48,63.24,60.76,58.45,63.74,0.61,62.11,0.52,65.48,63.24,60.76,58.45,95.06,90.28,75.84,58.86,63.35,68.05,69.94,66.23,8/25/25,2964.1233129711113,11.812179016874538,Contango,Rising,Rising,57.07,75.84,-18.770000000000003,18.770000000000003,True,False,False,True,False,True,False,False,True,False,Trending,Bearish,Bearish,63,True,-4.3148,-8.2,-37.45,189.86,219.11,5.11,True,Age_16_plus,Put Debit Spread,Long Put,Directional,55,0.49637499999999996,Bearish,Medium,Medium,220.66198595787364,220.66198595787364,2,0.99,0.22066198595787365,500,volatility_scaled,True
TMO,2025-08-25 07:25:56.945320,26.0,1.78,26.16,1.85,28.26,28.88,30.57,30.15,25.93,1.71,26.7,2.39,28.26,28.88,28.79,27.91,26.4,1.01,26.97,1.67,26.15,27.8,28.39,27.45,26.6,-0.06,26.8,0.87,27.02,26.87,29.79,30.26,27.82,0.06,27.37,0.5,28.11,27.06,28.95,28.23,28.99,0.17,28.32,0.57,29.33,29.02,28.83,28.43,28.68,0.34,28.01,0.58,29.56,28.81,30.03,28.98,28.75,-0.45,28.51,0.57,29.76,28.52,29.38,28.44,29.15,-0.33,28.55,0.48,30.16,28.55,30.15,29.25,29.6,-0.34,28.7,0.62,30.31,28.31,31.35,29.6,29.99,-0.13,28.79,0.64,30.36,28.31,31.3,29.24,29.72,-0.46,28.29,-0.23,30.89,28.41,31.54,28.85,29.72,-0.46,28.29,-0.23,30.89,28.41,31.54,28.85,28.0,28.36,40.52,33.75,34.86,37.42,35.88,33.62,8/25/25,2964.1233129711113,0.0,Flat,Stable,Falling,26.6,40.52,-13.920000000000002,13.920000000000002,True,False,False,True,False,True,False,False,True,False,Trending,Bullish,Bullish,2,True,5.8471,6.21,9.33,574.53,571.41,1.7,True,Age_0_5,Call Debit Spread,Long Call,Directional,70,0.6982499999999999,Bullish,High,Medium,280.84252758274823,280.84252758274823,2,2.31,0.28084252758274825,500,volatility_scaled,True
MUSA,2025-08-25 07:25:58.625732,29.84,1.5,29.83,1.58,26.8,28.06,38.14,36.78,29.84,1.5,29.83,1.58,26.8,28.06,38.14,36.78,29.84,1.5,29.83,1.58,26.8,28.06,38.14,36.78,29.84,1.43,29.77,1.43,26.8,28.06,35.43,34.44,30.09,0.99,29.83,0.7,28.05,28.37,30.47,30.18,30.66,0.58,30.3,0.31,29.41,29.37,28.93,28.49,30.84,0.3,30.43,0.04,30.13,29.92,29.19,28.76,30.51,0.29,29.99,0.09,30.06,29.74,29.34,28.89,30.62,0.17,29.96,-0.01,30.23,29.72,29.4,28.38,30.73,0.02,29.92,-0.13,30.53,29.73,29.4,28.38,30.73,0.02,29.92,-0.13,30.53,29.73,29.4,28.38,30.73,0.02,29.92,-0.13,30.53,29.73,29.4,28.38,30.73,0.02,29.92,-0.13,30.53,29.73,29.4,28.38,26.99,48.27,42.21,37.2,39.39,38.12,36.5,34.2,8/25/25,2964.1233129711113,35.22595596755503,Flat,Rising,Falling,29.84,42.21,-12.370000000000001,12.370000000000001,True,False,False,False,False,True,False,False,True,False,Trending,Bullish,Bullish,35,True,3.5552,6.35,22.47,398.65,382.53,2.7,True,Age_16_plus,None,None,None,0,0.3,Neutral,Low,Medium,0.0,0.0,0,,,0,,
HUBB,2025-08-25 07:26:00.204213,24.78,1.02,26.31,2.82,27.42,26.98,35.52,36.87,24.78,1.02,26.31,2.82,27.42,26.98,35.52,36.87,24.78,1.02,26.31,2.82,27.42,26.98,35.52,36.87,24.95,1.02,25.95,2.31,27.42,26.98,33.77,34.19,26.09,0.66,25.86,0.86,27.48,26.6,30.77,29.43,27.93,0.71,27.59,0.74,28.52,27.68,30.47,29.58,28.77,0.71,28.36,0.64,29.11,28.3,30.32,29.65,29.05,0.75,28.53,0.7,29.57,28.82,30.21,29.67,29.24,0.78,28.64,0.73,29.91,29.18,29.68,29.18,29.36,0.79,28.72,0.75,30.19,29.49,28.99,28.55,29.36,0.79,28.72,0.75,30.19,29.49,28.99,28.55,29.36,0.79,28.72,0.75,30.19,29.49,28.99,28.55,29.36,0.79,28.72,0.75,30.19,29.49,28.99,28.55,31.36,28.21,28.33,24.37,28.51,33.99,35.01,33.6,8/25/25,2964.1233129711113,0.0,Flat,Falling,Rising,24.95,28.33,-3.379999999999999,3.379999999999999,False,False,True,True,False,False,False,True,False,True,Trending,Bullish,Bullish,18,True,8.8863,12.84,14.24,442.1,440.7,2.48,True,Age_16_plus,None,None,None,0,0.3,Neutral,Low,Medium,0.0,0.0,0,,,0,,
IT,2025-08-25 07:26:01.615149,33.08,-0.37,33.44,-0.67,33.55,33.96,40.04,38.52,33.08,-0.37,33.44,-0.67,33.55,33.96,40.04,38.52,33.08,-0.37,33.44,-0.67,33.55,33.96,40.04,38.52,33.33,-0.16,33.47,-0.82,33.55,33.96,37.59,36.56,34.76,0.48,34.43,-1.59,35.85,36.33,33.25,33.15,36.94,0.09,36.63,-2.03,39.03,38.84,32.4,32.44,38.02,-0.04,37.61,-2.27,40.69,40.16,31.97,32.08,38.84,0.14,37.85,-1.9,40.88,40.04,31.71,31.85,39.37,0.26,38.01,-1.66,40.83,39.77,31.51,31.42,39.83,0.34,38.36,-0.92,40.46,38.8,31.26,30.87,39.92,0.36,38.57,-0.42,40.11,38.02,31.26,30.87,39.98,0.37,38.72,-0.04,39.83,37.39,31.26,30.87,39.98,0.37,38.72,-0.04,39.83,37.39,31.26,30.87,32.98,119.7,98.15,70.49,59.24,55.62,50.63,46.8,8/25/25,2964.1233129711113,0.0,Flat,Stable,Falling,33.33,98.15,-64.82000000000001,64.82000000000001,True,False,False,True,False,True,False,False,True,False,Trending,Bullish,Bullish,11,True,4.6107,13.11,14.22,239.5,238.39,2.41,True,Age_6_15,Call Debit Spread,Long Call,Directional,60,0.57,Bullish,Medium,Medium,240.7221664994985,240.7221664994985,2,1.33,0.24072216649949849,500,volatility_scaled,True
CHTR,2025-08-25 07:26:03.042991,32.57,1.47,34.11,2.94,37.88,36.73,70.06,69.56,33.77,2.67,34.41,3.24,37.88,36.73,57.86,57.36,34.63,-1.31,34.55,0.37,34.56,34.41,50.23,49.78,34.01,0.25,33.84,0.1,37.25,36.66,44.79,43.88,35.76,0.17,35.9,1.02,38.66,36.99,38.62,37.45,38.83,-0.39,38.6,0.5,42.22,40.96,37.87,36.7,40.12,-0.72,39.5,-0.13,44.12,43.17,37.49,36.32,40.21,0.02,38.46,-2.23,43.41,42.31,37.26,36.05,40.65,0.14,39.36,-0.42,43.61,42.8,36.92,35.27,40.85,-0.09,40.21,0.63,44.18,43.04,37.38,35.49,40.79,-0.4,40.08,0.06,44.36,43.0,37.41,35.24,42.29,-0.15,39.88,-0.44,44.25,42.25,38.12,35.06,42.45,-0.19,39.85,-0.62,44.25,42.25,38.12,35.06,25.25,36.48,68.22,52.38,49.88,48.8,45.59,44.53,8/25/25,2964.1233129711113,0.0,Contango,Falling,Falling,34.01,68.22,-34.21,34.21,True,False,False,True,False,True,False,False,True,False,Ranging,Bearish,Bearish,74,True,-0.1986,1.64,-8.79,205.52,215.95,2.57,True,Age_16_plus,Put Debit Spread,Long Put,Directional,55,0.49637499999999996,Bearish,Medium,Medium,220.66198595787364,220.66198595787364,2,0.99,0.22066198595787365,500,volatility_scaled,True
SYK,2025-08-25 07:26:04.707967,18.43,1.04,18.41,0.62,17.89,18.26,23.45,23.34,18.43,1.04,18.41,0.62,17.89,18.26,23.45,23.34,18.43,1.04,18.41,0.62,17.89,18.26,23.45,23.34,18.6,1.11,18.3,0.48,17.89,18.26,22.77,22.53,19.28,0.97,18.46,0.16,18.18,17.95,21.63,21.18,20.08,0.76,19.37,-0.01,19.84,19.17,21.47,21.0,20.41,0.58,19.8,-0.1,20.74,19.86,21.38,20.91,20.42,0.18,20.04,-0.04,20.31,19.88,21.33,20.85,20.99,0.37,20.26,-0.22,20.69,20.32,21.23,20.86,21.53,0.32,20.77,-0.27,21.67,21.0,22.18,21.59,22.0,0.3,21.05,-0.18,22.17,21.12,22.67,21.7,22.37,0.24,20.92,-0.47,22.61,21.75,22.95,21.84,22.37,0.24,20.92,-0.47,22.61,21.75,22.95,21.84,19.37,22.44,20.69,17.02,18.2,24.35,23.1,22.84,8/25/25,2964.1233129711113,14.549180327868873,Flat,Stable,Falling,18.6,20.69,-2.09,2.09,False,False,True,True,False,False,False,False,False,True,Ranging,Bearish,Bearish,21,True,-0.0251,-3.6,-9.96,357.82,364.18,1.64,True,Age_16_plus,None,None,None,0,0.3,Neutral,Low,Medium,0.0,0.0,0,,,0,,
ADBE,2025-08-25 07:26:06.104202,30.27,1.71,30.31,1.53,30.65,30.12,29.23,28.13,45.01,16.45,44.6,15.82,30.65,30.12,28.18,27.22,52.04,1.52,51.69,1.45,30.29,29.82,27.54,26.46,47.51,0.19,47.24,0.21,46.86,45.93,27.4,26.87,41.12,0.87,40.17,0.81,40.73,40.21,36.08,35.18,38.15,0.67,37.71,0.69,38.14,37.57,34.08,33.21,39.22,0.15,38.73,0.32,39.17,38.28,33.06,32.1,37.13,-0.44,36.83,-0.08,38.38,37.43,34.88,33.74,36.61,0.07,36.03,0.12,37.37,36.4,34.3,32.93,36.2,0.23,34.68,-0.48,36.89,35.28,34.01,32.58,35.58,0.14,34.38,0.37,36.97,35.17,34.34,32.71,35.57,0.19,33.26,-0.27,36.29,33.77,34.5,32.29,35.72,0.35,33.31,-0.47,36.48,33.93,34.53,32.56,30.09,29.64,25.11,27.45,25.73,36.75,33.93,36.92,8/25/25,2964.1233129711113,100.0,Mixed,Stable,Rising,47.51,25.11,22.4,22.4,True,False,False,False,True,False,False,False,True,False,Trending,Bullish,Bullish,18,True,2.3525,9.65,15.2,344.15,338.6,2.65,True,Age_16_plus,Put Credit Spread,Naked Put,Directional,65,0.648375,Bullish,Medium,Medium,260.7823470411234,260.7823470411234,2,1.84,0.2607823470411234,500,volatility_scaled,True
ELV,2025-08-25 07:26:09.085851,33.88,0.94,34.2,0.94,34.28,35.52,36.96,35.6,33.88,0.94,34.2,0.94,34.28,35.52,36.96,35.6,33.88,0.94,34.2,0.94,34.28,35.52,36.96,35.6,35.03,1.68,34.97,1.58,34.28,35.52,36.54,35.27,37.92,1.49,37.07,2.18,39.09,39.63,36.18,35.01,38.93,0.28,38.09,0.23,38.76,40.2,38.78,37.19,36.98,0.17,36.9,0.14,38.18,38.2,38.75,37.14,37.35,-0.63,37.06,0.49,37.47,37.4,38.71,37.09,37.6,-0.17,37.21,0.43,37.43,36.37,38.24,36.63,37.35,-0.58,36.89,0.53,37.56,35.58,38.22,36.77,37.35,-0.5,36.42,0.29,37.57,36.15,38.52,37.0,37.82,-0.45,36.42,0.87,38.57,36.69,38.9,35.92,37.82,-0.45,36.42,0.87,38.57,36.69,38.9,35.92,26.24,31.16,58.97,50.01,48.47,44.68,41.84,39.48,8/25/25,2964.1233129711113,33.18584070796463,Flat,Stable,Falling,35.03,58.97,-23.939999999999998,23.939999999999998,True,False,False,False,False,True,False,False,True,False,Ranging,Bullish,Bullish,30,True,0.2913,8.35,16.59,341.53,333.29,2.66,True,Age_16_plus,None,None,None,0,0.3,Neutral,Low,Medium,0.0,0.0,0,,,0,,
PWR,2025-08-25 07:26:12.020848,32.35,1.2,30.91,0.85,30.31,30.57,41.25,41.1,32.35,1.2,30.91,0.85,30.31,30.57,41.25,41.1,32.35,1.2,30.91,0.85,30.31,30.57,41.25,41.1,32.08,1.03,30.89,0.88,30.31,30.57,39.27,39.13,32.69,1.45,32.06,1.52,30.77,31.18,35.69,35.67,35.38,0.23,34.72,0.75,33.84,34.13,34.11,34.64,34.56,0.46,33.84,0.57,33.9,33.92,35.48,35.14,34.24,0.72,33.44,0.59,33.45,33.24,34.73,34.33,34.59,0.39,33.59,0.56,33.57,32.89,34.31,33.86,34.3,0.45,33.48,0.52,33.72,32.75,34.47,33.84,34.51,0.49,33.27,0.19,33.95,32.76,34.41,33.69,34.97,0.47,33.33,-0.03,34.42,32.94,34.81,33.73,34.97,0.47,33.33,-0.03,34.42,32.94,34.81,33.73,21.74,19.22,23.29,22.19,29.67,36.52,45.55,43.49,8/25/25,2964.1233129711113,19.75446428571427,Flat,Rising,Falling,32.08,23.29,8.79,8.79,True,False,False,True,True,False,False,False,True,False,Neutral,Bearish,Bearish,10,True,-1.248,-12.96,-10.06,445.63,442.73,3.11,True,Age_6_15,None,None,None,0,0.3,Neutral,Low,Medium,0.0,0.0,0,,,0,,
HCA,2025-08-25 07:26:13.332274,21.4,0.58,21.22,0.4,21.6,21.75,37.62,37.91,21.4,0.58,21.22,0.4,21.6,21.75,37.62,37.91,21.4,0.58,21.22,0.4,21.6,21.75,37.62,37.91,21.55,0.63,21.45,0.64,21.6,21.75,34.93,35.15,23.13,0.81,23.04,1.49,21.93,21.82,30.0,30.11,25.88,0.36,25.45,0.66,25.08,25.12,28.67,28.73,25.56,0.33,25.12,0.31,25.35,25.12,29.15,29.0,25.59,0.13,24.81,-0.27,25.56,25.1,29.41,29.12,26.59,-0.22,25.79,-0.47,26.75,26.1,29.02,28.43,28.3,-0.07,27.41,-0.31,28.15,27.4,29.81,28.95,29.17,0.08,28.02,-0.26,28.96,27.91,30.1,29.11,29.42,0.01,28.26,-0.17,29.52,28.12,30.61,29.21,29.42,0.01,28.26,-0.17,29.52,28.12,30.61,29.21,18.51,17.86,27.25,22.92,26.46,27.02,29.69,28.42,8/25/25,2964.1233129711113,0.0,Contango,Stable,Falling,21.55,27.25,-5.699999999999999,5.699999999999999,True,False,False,True,False,True,False,False,True,False,Neutral,Bearish,Bearish,10,True,-0.5361,-4.35,4.97,481.48,472.16,2.29,True,Age_6_15,Put Debit Spread,Long Put,Directional,60,0.57,Bearish,Medium,Medium,240.7221664994985,240.7221664994985,2,1.33,0.24072216649949849,500,volatility_scaled,True
CSL,2025-08-25 07:26:14.730960,28.08,-0.09,27.96,1.4,29.06,26.58,34.97,33.77,28.08,-0.09,27.96,1.4,29.06,26.58,34.97,33.77,28.08,-0.09,27.96,1.4,29.06,26.58,34.97,33.77,28.18,-0.07,27.94,1.22,29.06,26.58,32.66,31.63,29.07,-0.06,28.57,0.52,29.3,27.15,28.61,27.87,30.67,-0.15,30.21,0.41,30.78,28.66,28.51,27.68,31.37,-0.24,30.91,0.29,31.61,29.49,28.46,27.59,31.42,-0.28,30.83,0.21,31.88,29.76,28.44,27.54,31.45,-0.3,30.78,0.15,32.02,29.9,28.67,27.76,31.47,-0.32,30.74,0.12,32.13,30.01,28.95,28.02,31.47,-0.32,30.74,0.12,32.13,30.01,28.95,28.02,31.47,-0.32,30.74,0.12,32.13,30.01,28.95,28.02,31.47,-0.32,30.74,0.12,32.13,30.01,28.95,28.02,42.52,64.49,56.11,43.18,38.91,39.13,38.44,36.6,8/25/25,2964.1233129711113,0.0,Flat,Stable,Falling,28.18,56.11,-27.93,27.93,True,False,False,True,False,True,False,False,True,False,Neutral,Bullish,Bullish,22,True,1.0018,3.3,7.54,327.02,322.78,2.31,True,Age_16_plus,Call Debit Spread,Long Call,Directional,55,0.49637499999999996,Bullish,Medium,Medium,220.66198595787364,220.66198595787364,2,0.99,0.22066198595787365,500,volatility_scaled,True
HD,2025-08-25 07:26:16.430128,18.62,2.43,18.61,2.4,29.69,29.89,23.5,22.46,18.66,2.47,18.57,2.36,29.69,29.89,22.91,21.65,18.76,1.45,18.58,1.11,25.86,25.89,22.15,20.93,19.06,0.96,18.91,1.09,23.83,24.48,26.74,26.07,19.9,0.83,19.49,0.86,22.12,22.36,25.02,23.84,21.29,0.49,20.83,0.3,23.1,22.8,24.26,23.25,21.09,0.13,20.59,0.18,22.98,22.54,25.1,23.49,21.06,0.02,20.54,0.23,22.68,22.24,24.82,23.22,21.38,0.22,20.82,0.66,22.74,21.75,24.53,23.01,22.41,0.21,21.77,0.57,23.52,22.21,24.72,23.15,22.76,0.06,21.94,0.61,23.66,22.34,24.66,23.03,23.65,-0.12,22.63,0.44,24.7,23.03,25.85,23.68,23.65,-0.12,22.63,0.44,24.7,23.03,25.85,23.68,33.18,25.9,24.62,20.97,21.39,25.15,24.68,24.03,8/25/25,2964.1233129711113,0.0,Flat,Falling,Rising,19.06,24.62,-5.560000000000002,5.560000000000002,True,False,False,True,False,True,False,True,True,False,Trending,Bearish,Bearish,88,True,-3.0394,-2.28,-11.57,352.06,361.35,2.14,True,Age_16_plus,Long Straddle,Long Strangle,Volatility,65,0.6174999999999999,Bidirectional,Medium,Medium,260.7823470411234,260.7823470411234,2,1.21,0.2607823470411234,500,volatility_scaled,True
LPLA,2025-08-25 07:26:17.595152,31.35,0.69,30.55,0.48,32.01,31.14,39.04,38.9,31.35,0.69,30.55,0.48,32.01,31.14,39.04,38.9,31.35,0.69,30.55,0.48,32.01,31.14,39.04,38.9,31.27,0.55,30.6,0.48,32.01,31.14,37.31,36.97,31.53,0.18,31.01,0.41,32.2,31.04,34.32,33.61,32.6,0.34,31.77,0.3,32.58,31.66,33.7,32.89,33.03,0.35,32.08,0.21,32.8,32.02,33.47,32.78,32.83,0.56,31.99,0.47,32.29,31.46,33.31,32.69,33.02,0.45,32.1,0.28,32.58,31.65,32.68,32.22,33.23,0.31,32.24,0.06,33.15,32.07,32.68,32.22,33.23,0.31,32.24,0.06,33.15,32.07,32.68,32.22,33.23,0.31,32.24,0.06,33.15,32.07,32.68,32.22,33.23,0.31,32.24,0.06,33.15,32.07,32.68,32.22,29.97,35.71,34.56,30.74,31.74,42.69,39.79,37.18,8/25/25,2964.1233129711113,0.0,Flat,Stable,Falling,31.27,34.56,-3.2900000000000027,3.2900000000000027,False,False,True,True,False,False,False,False,False,True,Trending,Bullish,Bullish,23,True,4.2453,3.53,11.41,368.63,360.75,2.73,True,Age_16_plus,None,None,None,0,0.3,Neutral,Low,Medium,0.0,0.0,0,,,0,,
ETN,2025-08-25 07:26:18.967446,25.27,1.82,25.32,2.0,27.19,27.07,33.48,31.54,25.4,1.95,24.91,1.59,27.19,27.07,35.95,35.67,25.7,0.99,25.17,1.21,24.24,24.84,34.59,34.52,25.53,0.51,25.17,0.16,24.56,24.76,30.84,32.03,26.4,0.74,25.9,0.77,25.24,25.05,28.21,28.47,27.06,0.54,26.51,0.51,26.22,25.91,26.71,27.73,27.38,0.45,26.81,0.39,26.74,26.38,26.95,27.57,27.62,0.42,27.02,0.35,27.05,26.66,27.09,27.48,27.95,0.37,27.23,0.47,27.49,26.8,27.2,27.41,27.86,0.18,27.3,0.21,27.8,26.83,27.54,27.2,28.3,0.27,27.47,0.11,28.32,27.14,27.53,27.07,28.93,0.25,27.65,0.06,29.08,27.73,27.81,27.14,28.93,0.25,27.65,0.06,29.08,27.73,27.81,27.14,14.13,29.42,30.43,27.18,27.64,37.99,43.15,40.29,8/25/25,2964.1233129711113,15.4458598726115,Flat,Stable,Falling,25.53,30.43,-4.899999999999999,4.899999999999999,False,True,False,True,False,True,False,False,True,False,Trending,Bearish,Bearish,44,True,-3.0923,-10.51,-29.64,332.68,351.81,2.72,True,Age_16_plus,Put Debit Spread,Long Put,Directional,55,0.49637499999999996,Bearish,Medium,Medium,220.66198595787364,220.66198595787364,2,0.99,0.22066198595787365,500,volatility_scaled,True
AON,2025-08-25 07:26:21.202321,19.13,2.84,18.75,1.9,18.74,18.6,27.43,27.32,19.13,2.84,18.75,1.9,18.74,18.6,27.43,27.32,19.13,2.84,18.75,1.9,18.74,18.6,27.43,27.32,19.4,2.9,18.91,1.79,18.74,18.6,26.19,25.83,20.61,2.3,19.91,0.73,18.4,18.52,24.01,23.23,21.95,1.54,21.31,0.42,20.88,20.88,23.27,22.92,21.16,0.57,20.33,0.11,21.14,20.75,23.02,22.74,20.92,0.97,20.17,0.22,20.64,20.59,22.86,22.61,21.29,0.81,20.43,-0.01,20.84,20.61,22.55,22.26,21.72,0.61,20.73,-0.28,21.24,20.65,22.55,22.26,21.72,0.61,20.73,-0.28,21.24,20.65,22.55,22.26,21.72,0.61,20.73,-0.28,21.24,20.65,22.55,22.26,21.72,0.61,20.73,-0.28,21.24,20.65,22.55,22.26,17.45,21.54,23.59,21.88,26.15,25.75,24.02,23.06,8/25/25,2964.1233129711113,8.859060402684563,Flat,Stable,Falling,19.4,23.59,-4.190000000000001,4.190000000000001,False,True,False,True,False,True,False,False,True,False,Trending,Bullish,Bullish,14,True,3.4772,6.42,10.5,350.23,346.15,1.49,True,Age_6_15,Call Debit Spread,Long Call,Directional,60,0.57,Bullish,Medium,Medium,240.7221664994985,240.7221664994985,2,1.33,0.24072216649949849,500,volatility_scaled,True
WAT,2025-08-25 07:26:22.694991,29.7,1.99,29.09,1.23,29.63,28.66,38.62,37.11,29.7,1.99,29.09,1.23,29.63,28.66,38.62,37.11,29.7,1.99,29.09,1.23,29.63,28.66,38.62,37.11,29.3,1.18,28.61,0.46,29.63,28.66,37.48,36.06,29.31,-1.31,28.43,-1.51,30.37,30.48,35.36,34.14,31.35,0.93,30.44,0.72,31.11,30.77,33.12,32.34,31.32,0.93,30.36,0.37,31.54,30.9,31.94,31.4,31.3,0.92,30.31,0.15,31.81,30.98,32.12,31.14,31.29,0.92,30.28,0.01,31.99,31.04,32.26,30.97,31.29,0.92,30.28,0.0,32.03,31.05,32.37,30.84,31.29,0.92,30.28,0.0,32.03,31.05,32.37,30.84,31.29,0.92,30.28,0.0,32.03,31.05,32.37,30.84,31.29,0.92,30.28,0.0,32.03,31.05,32.37,30.84,35.87,31.26,54.89,41.14,40.11,43.47,40.77,38.7,8/25/25,2964.1233129711113,0.0,Flat,Stable,Falling,29.3,54.89,-25.59,25.59,True,False,False,True,False,True,False,False,True,False,Neutral,Bearish,Bearish,9,True,1.1207,-2.67,10.2,388.73,375.86,2.14,True,Age_6_15,Put Debit Spread,Long Put,Directional,60,0.57,Bearish,Medium,Medium,240.7221664994985,240.7221664994985,2,1.33,0.24072216649949849,500,volatility_scaled,True
V,2025-08-25 07:26:23.973310,17.85,1.48,17.81,0.91,19.12,18.93,35.1,33.62,17.87,1.5,17.72,0.83,19.12,18.93,30.26,29.17,18.25,1.26,18.12,0.09,18.73,18.67,27.11,26.31,18.8,1.19,18.78,0.81,18.84,18.98,25.28,24.42,20.26,0.94,20.11,1.0,19.96,19.47,23.19,22.52,21.46,0.61,21.23,0.6,21.28,20.83,22.58,21.95,21.45,0.54,21.12,0.83,21.63,21.0,23.15,22.4,21.67,0.59,21.19,0.6,21.7,20.95,23.13,22.12,22.34,0.7,21.71,0.65,22.28,21.45,22.65,21.78,22.61,0.75,21.76,0.26,22.86,21.79,23.28,22.06,22.91,0.64,21.98,0.25,23.26,22.06,23.7,22.38,24.44,0.61,22.69,-0.03,24.77,22.99,24.81,23.04,24.79,0.7,22.71,-0.2,24.89,23.08,24.96,23.18,13.16,18.19,16.03,21.76,21.02,27.03,25.05,23.74,8/25/25,2964.1233129711113,0.0,Contango,Stable,Falling,18.8,16.03,2.7699999999999996,2.7699999999999996,False,False,True,True,False,False,False,False,False,True,Trending,Bullish,Bullish,14,True,6.7108,14.89,16.84,340.11,338.16,1.48,True,Age_6_15,None,None,None,0,0.3,Neutral,Low,Medium,0.0,0.0,0,,,0,,
WING,2025-08-25 07:26:25.575715,41.98,-0.6,42.19,1.49,42.08,41.71,66.25,68.94,41.98,-0.6,42.19,1.49,42.08,41.71,66.25,68.94,41.98,-0.6,42.19,1.49,42.08,41.71,66.25,68.94,42.42,-0.16,42.31,1.64,42.08,41.71,61.32,63.16,44.27,0.92,43.62,2.23,42.01,41.58,52.39,52.51,46.51,-0.42,46.14,1.01,45.49,44.96,50.9,50.79,47.31,-1.21,47.01,0.21,47.41,46.82,50.14,49.9,46.63,-0.71,46.06,0.2,46.65,45.87,49.64,49.31,47.25,-0.62,46.48,0.24,47.25,46.24,48.44,47.78,47.3,-0.54,46.43,0.12,47.95,46.45,48.75,47.46,47.32,-0.42,46.13,0.05,47.93,46.2,48.15,46.61,47.15,-0.25,45.45,0.09,47.22,45.33,47.35,45.64,47.15,-0.25,45.45,0.09,47.22,45.33,47.35,45.64,53.86,100.22,84.66,64.09,62.78,61.14,61.01,57.57,8/25/25,2964.1233129711113,1.7671517671517847,Flat,Stable,Falling,42.42,84.66,-42.239999999999995,42.239999999999995,True,False,False,True,False,True,False,False,True,False,Trending,Bullish,Bullish,7,True,2.5147,2.51,9.15,253.68,247.04,3.83,True,Age_6_15,Call Debit Spread,Long Call,Directional,60,0.57,Bullish,Medium,Medium,240.7221664994985,240.7221664994985,2,1.33,0.24072216649949849,500,volatility_scaled,True
NVDA,2025-08-25 07:26:28.339205,55.79,5.45,55.58,5.21,52.02,51.92,36.77,35.73,52.36,2.02,52.13,1.76,52.02,51.92,35.24,34.39,47.85,1.36,47.6,1.08,46.51,46.59,34.42,33.64,44.63,1.05,44.4,0.88,42.98,43.03,33.87,33.13,41.67,0.71,41.28,0.56,39.29,39.13,40.18,39.46,42.13,0.22,41.72,0.3,40.34,39.34,38.88,38.2,41.6,-0.01,41.03,0.04,40.24,40.57,40.22,39.36,40.82,-0.05,40.12,0.09,39.4,40.55,40.32,39.39,40.48,0.02,39.76,0.13,39.69,38.58,39.68,38.66,41.23,0.14,40.23,0.07,40.6,39.43,40.04,38.77,41.47,0.06,40.19,-0.09,40.86,39.49,40.8,39.33,42.19,0.09,40.06,-0.27,41.12,39.2,40.89,38.7,42.27,0.3,39.85,-0.37,41.2,39.04,40.75,38.24,22.31,25.34,26.17,26.64,33.82,48.38,56.82,54.48,8/25/25,2964.1233129711113,100.0,Inverted,Stable,Falling,44.63,26.17,18.46,18.46,True,False,False,False,True,False,False,False,True,False,Trending,Bullish,Bullish,2,True,6.2581,9.23,4.47,181.3,186.06,2.65,True,Age_0_5,Put Credit Spread,Naked Put,Directional,80,0.85,Bullish,High,Medium,320.962888665998,320.962888665998,3,5.67,0.32096288866599804,500,volatility_scaled,True
AMZN,2025-08-25 07:26:31.259911,23.71,0.97,23.6,1.01,23.22,22.79,48.75,47.99,23.87,1.14,23.73,1.14,23.22,22.79,41.78,42.11,24.06,0.58,23.88,0.0,22.88,22.56,37.18,36.73,24.44,0.75,24.19,0.68,23.22,22.99,34.08,30.79,26.12,0.63,25.77,0.76,24.15,23.55,29.78,29.49,28.73,0.17,28.26,0.26,27.3,26.52,29.19,29.24,28.32,0.04,27.7,0.04,27.51,26.74,30.63,29.49,28.46,0.13,27.7,0.25,27.47,26.51,30.01,29.53,29.62,-0.02,28.8,0.23,28.73,27.52,29.72,28.49,30.05,-0.16,28.98,0.03,29.43,28.12,30.58,29.31,30.4,-0.09,29.03,-0.02,30.15,28.47,30.87,29.01,31.27,0.23,28.97,-0.12,31.02,28.57,31.74,29.16,31.3,0.46,28.74,-0.08,30.87,28.41,31.75,29.1,26.64,40.41,33.88,28.05,31.38,39.16,37.13,35.55,8/25/25,2964.1233129711113,11.233885819521202,Contango,Rising,Falling,24.44,33.88,-9.440000000000001,9.440000000000001,True,False,False,True,False,True,False,False,True,False,Trending,Bullish,Bullish,0,True,3.2326,3.44,2.11,229.08,230.41,1.72,True,Age_0_5,Call Debit Spread,Long Call,Directional,70,0.6982499999999999,Bullish,High,Medium,280.84252758274823,280.84252758274823,2,2.31,0.28084252758274825,500,volatility_scaled,True
GOOG,2025-08-25 07:26:32.741984,34.4,1.94,34.37,2.47,32.33,32.78,50.25,49.52,33.18,0.73,33.12,1.23,32.33,32.78,46.01,44.72,31.57,0.84,31.49,0.92,30.96,30.78,39.05,38.45,30.63,0.75,30.34,0.86,30.21,29.47,36.98,34.12,29.72,1.3,29.43,1.09,28.72,28.13,32.01,32.52,30.91,0.59,30.47,0.71,30.19,29.4,29.64,28.94,29.93,0.27,29.41,0.67,29.87,29.02,31.67,32.58,29.74,0.46,29.11,1.32,29.5,28.9,31.24,29.72,30.47,0.16,29.7,0.6,30.23,29.07,30.48,28.47,30.44,0.32,29.38,0.62,30.68,29.08,31.42,28.34,30.54,0.25,29.3,0.42,30.93,29.16,31.09,28.43,31.38,0.32,29.24,0.1,31.58,29.11,32.42,30.1,31.55,0.32,29.2,0.01,31.7,29.24,32.33,30.09,19.1,22.37,19.66,21.75,27.29,32.95,33.21,32.98,8/25/25,2964.1233129711113,6.203840472673536,Flat,Stable,Stable,30.63,19.66,10.969999999999999,10.969999999999999,True,False,False,True,True,False,False,False,True,False,Trending,Bullish,Bullish,127,True,3.6319,1.28,21.37,313.68,293.59,2.29,True,Age_16_plus,None,None,None,0,0.3,Neutral,Low,Medium,0.0,0.0,0,,,0,,
AVGO,2025-08-25 07:26:34.236724,61.76,4.6,61.69,5.1,40.33,40.5,40.76,39.51,58.1,0.94,57.96,1.37,40.33,40.5,39.4,37.82,52.99,0.45,52.79,0.71,51.26,50.97,37.75,37.1,49.27,0.8,49.11,0.46,47.76,47.73,37.05,35.5,44.85,0.31,44.58,0.53,44.02,43.65,42.75,42.14,43.83,0.43,43.42,0.61,43.16,42.79,41.42,40.64,44.67,-0.01,44.14,0.11,44.11,43.66,41.52,40.34,43.53,-0.12,42.95,0.2,43.75,43.04,43.42,41.71,42.95,-0.01,42.3,0.27,43.15,42.28,42.85,41.33,43.16,0.04,42.26,0.16,43.41,42.31,42.53,40.99,42.72,-0.83,41.63,-0.38,43.33,41.98,42.76,41.06,43.12,-0.21,41.3,-0.37,43.65,41.92,43.07,41.17,43.16,0.07,41.04,-0.5,43.42,41.75,43.24,41.22,28.44,30.41,29.23,30.97,33.34,50.61,56.09,61.37,8/25/25,2964.1233129711113,100.0,Inverted,Stable,Stable,49.27,29.23,20.040000000000003,20.040000000000003,True,False,False,False,True,False,False,False,True,False,Neutral,Bearish,Bearish,10,True,-1.8168,-16.28,-9.08,368.41,361.21,4.73,True,Age_6_15,Call Credit Spread,Bear Put Spread,Directional,70,0.735,Bearish,High,Medium,280.84252758274823,280.84252758274823,2,2.77,0.28084252758274825,500,volatility_scaled,True
TSLA,2025-08-25 07:26:35.683333,45.54,2.73,45.47,2.79,42.87,42.51,72.7,70.03,46.02,3.21,45.89,3.22,42.87,42.51,64.8,62.64,46.56,2.08,46.4,2.21,42.58,42.25,59.78,57.96,46.82,1.37,46.66,1.56,43.74,43.33,56.69,55.05,49.9,1.13,49.58,1.38,47.15,46.51,53.33,51.95,52.3,0.51,51.87,0.86,50.72,49.91,53.79,52.42,51.79,0.42,51.25,0.66,51.15,50.25,55.36,53.91,52.24,0.32,51.59,0.71,51.54,50.4,54.72,53.27,53.18,0.12,52.42,0.56,52.59,51.29,54.71,53.16,54.31,0.05,53.27,0.33,54.14,52.52,55.89,53.84,54.73,-0.14,53.44,0.29,54.32,52.62,55.47,53.75,55.85,-0.05,53.51,-0.05,55.65,52.96,57.23,54.28,56.1,0.12,53.43,-0.15,55.76,52.93,57.5,54.29,39.75,37.16,43.56,58.11,58.39,74.65,70.96,70.45,8/25/25,2964.1233129711113,23.78378378378378,Flat,Rising,Falling,46.82,43.56,3.259999999999998,3.259999999999998,False,False,True,True,False,False,False,False,False,True,Trending,Bullish,Bullish,23,True,8.2397,14.2,31.05,460.99,444.14,3.84,True,Age_16_plus,None,None,None,0,0.3,Neutral,Low,Medium,0.0,0.0,0,,,0,,
JPM,2025-08-25 07:26:37.580099,19.96,1.32,19.8,1.15,20.59,20.35,19.41,19.34,20.36,1.72,20.17,1.52,20.59,20.35,18.47,18.98,20.77,1.08,20.55,1.17,20.05,19.87,19.33,19.23,20.89,0.7,20.68,0.78,20.83,20.37,19.35,18.74,23.89,0.86,23.7,0.53,23.1,22.72,20.45,20.07,23.93,0.48,23.56,0.22,23.25,22.97,22.28,22.21,23.4,0.57,22.96,0.25,23.1,22.83,23.04,22.57,23.86,0.27,23.53,0.27,23.73,23.31,22.68,22.21,23.75,0.05,23.4,0.3,23.76,23.31,23.43,23.25,24.46,0.35,23.76,0.27,23.99,23.26,24.09,23.18,24.76,0.15,24.05,0.17,24.7,23.82,24.6,23.44,24.85,0.28,23.66,-0.23,25.07,24.12,25.14,24.07,24.85,0.34,23.6,-0.43,25.08,24.12,25.21,23.8,14.65,17.29,15.96,16.74,17.76,29.33,27.91,26.58,8/25/25,2964.1233129711113,100.0,Contango,Stable,Falling,20.89,15.96,4.93,4.93,False,True,False,False,True,False,False,False,True,False,Trending,Bullish,Bullish,25,True,7.214,11.82,18.43,316.09,309.48,2.01,True,Age_16_plus,Put Credit Spread,Naked Put,Directional,65,0.648375,Bullish,Medium,Medium,260.7823470411234,260.7823470411234,2,1.84,0.2607823470411234,500,volatility_scaled,True
WMT,2025-08-25 07:26:39.158746,18.99,0.23,18.89,0.43,33.73,33.05,21.18,20.41,19.07,0.31,18.94,0.48,33.73,33.05,20.51,19.84,19.15,-0.07,19.02,0.06,29.22,28.92,20.11,19.71,18.88,-0.38,19.22,0.4,27.26,26.84,26.53,26.29,20.9,0.11,20.48,0.12,24.51,24.2,25.0,24.69,22.65,-0.11,22.23,0.21,25.25,24.44,24.42,23.5,22.54,-0.01,22.05,0.14,24.97,23.95,25.41,24.23,22.63,0.04,21.95,0.24,24.23,23.17,24.79,23.99,23.13,-0.15,22.39,0.16,24.58,23.27,24.38,23.23,23.77,0.04,22.95,-0.35,24.61,23.75,24.78,23.35,24.31,0.27,23.06,-0.12,25.01,23.63,25.36,23.42,24.86,0.22,23.24,-0.83,25.49,23.18,25.95,23.47,24.86,0.22,23.24,-0.83,25.49,23.18,25.95,23.47,27.82,26.16,22.05,19.37,19.13,27.09,27.7,26.28,8/25/25,2964.1233129711113,0.0,Mixed,Falling,Rising,18.88,22.05,-3.1700000000000017,3.1700000000000017,False,False,True,True,False,False,False,True,False,True,Neutral,Bullish,Bullish,35,True,-1.7947,-1.98,3.93,113.72,107.81,1.8,True,Age_16_plus,None,None,None,0,0.3,Neutral,Low,Medium,0.0,0.0,0,,,0,,
ORCL,2025-08-25 07:26:40.739799,38.13,2.56,38.02,2.05,37.03,36.79,36.21,35.43,50.92,15.35,51.25,15.29,37.03,36.79,34.76,34.15,56.96,-0.21,57.17,-0.05,35.92,35.83,34.17,33.42,52.5,-0.16,52.35,-0.09,51.44,50.92,34.62,32.72,47.41,-0.17,47.18,-0.54,46.38,45.91,43.7,42.52,44.32,-0.24,44.1,0.02,44.22,43.48,41.82,40.74,45.71,-0.48,45.55,-0.01,45.18,44.44,40.57,39.4,44.35,-0.09,43.91,-0.79,44.1,43.53,42.67,41.54,42.57,-0.9,42.66,0.15,42.68,42.27,41.26,40.05,42.29,-0.17,41.72,0.08,42.38,41.43,41.03,39.7,42.64,0.04,41.78,0.38,42.53,41.58,41.18,39.74,41.75,0.22,40.11,0.03,41.54,39.88,40.6,38.61,41.71,0.6,39.92,0.27,41.32,39.93,40.62,38.63,38.73,35.28,33.34,42.82,40.45,46.84,50.28,47.93,8/25/25,2964.1233129711113,100.0,Mixed,Stable,Rising,52.5,33.34,19.159999999999997,19.159999999999997,True,False,False,False,True,False,False,False,True,False,Trending,Bearish,Bearish,65,True,2.7813,-2.55,-30.45,200.54,228.44,4.96,True,Age_16_plus,Call Credit Spread,Bear Put Spread,Directional,65,0.648375,Bearish,Medium,Medium,260.7823470411234,260.7823470411234,2,1.84,0.2607823470411234,500,volatility_scaled,True
PG,2025-08-25 07:26:43.439913,16.69,1.09,16.83,1.13,17.29,16.93,28.85,28.76,16.68,1.09,16.72,1.02,17.29,16.93,25.83,24.55,16.82,0.2,16.84,0.19,16.99,16.98,23.22,21.84,18.73,2.06,18.24,1.8,15.89,16.96,21.81,20.48,20.18,0.25,19.73,0.87,19.54,18.84,20.85,19.7,19.95,0.49,19.59,1.15,19.88,19.26,21.3,19.91,19.72,0.37,19.31,0.87,19.92,19.26,20.87,19.41,19.64,0.31,19.24,0.77,19.95,19.24,20.6,19.11,19.77,0.09,19.53,0.83,20.12,19.27,20.43,18.93,20.23,0.28,19.28,0.56,20.43,19.13,20.36,18.92,19.88,-0.49,19.39,0.54,20.47,19.09,20.36,18.77,21.02,0.24,19.4,0.1,21.32,19.48,20.67,18.77,21.02,0.24,19.4,0.1,21.32,19.48,20.67,18.77,12.52,15.59,16.14,15.08,17.64,19.94,20.6,19.92,8/25/25,2964.1233129711113,47.97297297297299,Flat,Rising,Falling,18.73,16.14,2.59,2.59,False,False,True,False,False,False,False,False,False,True,Ranging,Bearish,Bearish,99,True,-0.3449,0.66,-2.12,144.08,146.86,1.63,True,Age_16_plus,None,None,None,0,0.3,Neutral,Low,Medium,0.0,0.0,0,,,0,,
JNJ,2025-08-25 07:26:44.818128,15.42,2.52,14.52,1.06,12.63,13.3,15.2,15.54,14.93,2.03,14.76,1.3,12.63,13.3,14.88,14.55,14.71,0.85,14.81,0.55,13.26,13.47,14.3,14.1,15.47,0.78,15.33,0.41,14.24,14.02,14.02,14.06,16.7,0.55,16.38,0.46,15.99,15.63,14.88,14.93,16.62,0.78,16.26,0.13,15.56,15.32,16.67,15.71,16.79,0.8,16.41,0.73,15.84,15.3,16.25,15.23,17.23,0.61,16.81,0.74,16.4,15.47,16.5,15.49,17.52,0.51,17.23,0.7,16.66,15.8,17.04,16.45,17.8,0.38,17.49,0.83,17.24,15.92,17.41,16.51,17.74,-0.01,17.49,0.85,17.55,16.43,18.23,16.53,19.3,-0.31,18.55,0.22,19.23,17.34,18.84,17.6,19.42,-0.3,18.65,0.14,19.23,17.34,18.84,17.6,8.55,14.48,22.14,18.18,18.48,22.47,22.01,21.39,8/25/25,2964.1233129711113,100.0,Flat,Rising,Falling,15.47,22.14,-6.67,6.67,True,False,False,False,False,True,True,False,True,False,Ranging,Bullish,Bullish,45,True,-0.4678,0.92,9.26,206.71,198.37,1.88,True,Age_16_plus,None,None,None,0,0.3,Neutral,Low,Medium,0.0,0.0,0,,,0,,
PLTR,2025-08-25 07:26:49.239004,59.66,10.27,59.72,10.38,45.49,45.47,45.57,45.53,58.63,9.23,58.57,9.23,45.49,45.47,71.77,71.71,57.09,6.96,56.87,6.73,45.08,45.09,70.87,70.6,56.65,6.05,55.93,5.4,45.71,45.92,65.4,64.6,57.53,4.51,57.37,4.64,48.19,48.14,57.69,57.03,61.28,3.08,60.94,3.16,54.87,54.6,56.54,56.23,59.54,2.69,58.94,2.44,55.33,55.03,60.45,59.57,58.88,2.8,58.15,2.45,54.47,54.15,58.62,58.01,60.34,2.24,59.58,2.09,56.36,55.85,57.62,56.85,60.4,1.77,59.4,1.34,57.53,56.91,59.21,58.16,60.5,1.66,59.62,1.54,57.22,56.6,59.25,58.0,59.64,1.86,57.28,0.79,56.74,55.52,58.66,56.87,59.41,2.08,56.89,0.71,56.22,54.98,57.88,56.37,52.24,55.21,49.34,52.6,58.63,70.43,75.95,73.64,8/25/25,2964.1233129711113,55.56119857795833,Flat,Rising,Rising,56.65,49.34,7.309999999999995,7.309999999999995,True,False,False,False,True,False,False,False,True,False,Trending,Bullish,Bullish,18,True,4.5182,5.56,7.6,183.15,181.11,3.74,True,Age_16_plus,Diagonal Spread (Bullish),Call Debit Spread,Directional,50,0.475,Bullish,Low,High,140.42126379137412,140.42126379137412,1,0.9,0.14042126379137412,500,volatility_scaled,True
PM,2025-08-25 07:26:52.687828,24.32,1.47,23.99,1.9,22.3,22.21,24.67,24.13,23.91,1.06,23.67,1.58,22.3,22.21,24.79,23.42,23.65,-0.86,23.36,0.51,22.61,21.63,24.3,23.19,23.74,0.32,23.56,0.31,23.0,22.85,23.8,23.8,25.35,0.88,25.35,1.31,23.87,23.4,23.36,23.48,27.06,0.48,26.9,0.53,26.06,25.9,24.69,23.89,26.28,0.58,26.05,0.18,26.02,25.93,26.21,25.62,26.02,0.32,25.75,0.8,25.79,25.14,25.9,25.37,26.19,0.65,25.92,0.51,25.78,25.35,25.87,25.06,26.01,0.21,25.48,0.0,25.76,25.19,25.88,25.68,26.09,0.23,25.53,0.32,25.9,25.47,25.7,25.67,25.98,0.01,25.36,0.12,26.15,25.36,26.99,25.55,25.98,0.01,25.36,0.12,26.15,25.36,26.99,25.55,20.41,21.13,33.04,26.7,24.73,26.5,28.35,27.09,8/25/25,2964.1233129711113,92.49999999999972,Flat,Stable,Falling,23.74,33.04,-9.3,9.3,True,False,False,False,False,True,False,False,True,False,Trending,Bullish,Bullish,10,True,3.4397,5.85,7.01,155.2,154.04,1.91,True,Age_6_15,None,None,None,0,0.3,Neutral,Low,Medium,0.0,0.0,0,,,0,,
UNH,2025-08-25 07:26:54.188805,32.34,2.12,32.49,2.52,42.23,39.89,66.8,66.61,32.98,2.76,32.99,3.02,42.23,39.89,58.74,58.29,34.14,1.17,34.26,-0.14,40.59,38.85,52.85,52.3,34.6,1.31,34.69,1.49,39.2,38.73,49.34,48.24,39.81,0.57,39.76,1.35,42.39,41.29,45.42,44.32,39.85,0.42,39.74,0.73,41.77,40.77,48.14,46.84,38.72,0.55,38.64,1.2,40.09,39.17,47.09,45.15,37.96,0.18,37.77,0.91,39.23,37.9,45.28,43.77,38.22,-0.61,38.07,1.07,39.51,37.86,44.83,42.9,38.0,-0.74,37.24,1.01,39.22,37.27,43.92,41.56,37.18,-1.59,37.24,1.24,39.49,35.79,43.01,40.01,37.67,1.02,36.65,1.57,35.57,35.57,38.95,37.92,37.48,2.27,36.39,1.18,35.94,35.94,37.4,37.4,58.91,65.01,56.8,45.19,71.6,64.37,59.33,56.74,8/25/25,2964.1233129711113,0.0,Contango,Falling,Stable,34.6,56.8,-22.199999999999996,22.199999999999996,True,False,False,True,False,True,False,False,True,False,Neutral,Bearish,Bearish,3,True,-1.8114,2.11,-1.37,329.72,333.2,2.15,True,Age_0_5,Put Debit Spread,Long Put,Directional,70,0.6982499999999999,Bearish,High,Medium,280.84252758274823,280.84252758274823,2,2.31,0.28084252758274825,500,volatility_scaled,True
CSCO,2025-08-25 07:26:55.315020,17.93,0.43,18.0,0.98,20.53,20.25,18.76,18.57,18.15,0.65,18.14,1.11,20.53,20.25,17.66,17.73,18.51,0.57,18.44,1.29,20.0,19.56,26.23,26.0,19.17,0.58,18.73,0.83,20.08,19.21,27.01,26.47,21.34,0.78,21.28,1.09,20.69,20.33,24.08,24.29,23.57,-0.19,23.52,0.5,23.52,22.86,23.18,23.19,23.21,-0.39,22.82,0.58,23.81,22.95,23.89,23.76,23.4,0.25,22.92,0.51,23.17,22.14,24.29,24.04,23.72,0.12,23.27,0.47,23.65,22.54,24.12,23.14,24.25,0.07,23.8,0.64,23.94,23.23,24.33,23.88,24.86,-0.01,24.0,0.87,24.32,23.25,24.62,23.65,24.65,-0.1,23.95,1.22,24.94,23.04,25.14,23.94,24.65,-0.1,23.95,1.22,24.94,23.04,25.14,23.94,27.25,26.88,22.63,19.74,20.57,27.52,26.36,24.52,8/25/25,2964.1233129711113,0.0,Contango,Stable,Rising,19.17,22.63,-3.4599999999999973,3.4599999999999973,False,False,True,True,False,False,False,True,False,True,Ranging,Bullish,Bullish,88,True,0.193,0.24,2.96,77.93,75.2,1.79,True,Age_16_plus,None,None,None,0,0.3,Neutral,Low,Medium,0.0,0.0,0,,,0,,
GE,2025-08-25 07:26:56.737585,27.61,1.71,26.74,0.23,26.55,27.48,28.09,27.54,27.42,1.51,26.66,0.15,26.55,27.48,27.85,27.11,27.11,1.76,26.67,0.43,26.44,26.33,27.99,27.35,27.25,0.67,26.96,0.28,25.92,26.01,28.48,27.76,30.01,0.93,29.54,0.67,27.73,27.45,28.49,27.69,32.43,0.66,31.77,0.35,30.87,30.29,29.34,28.46,31.78,0.41,30.92,0.07,31.23,30.58,31.03,30.28,31.55,0.14,30.67,-0.35,31.12,30.17,31.59,30.08,31.99,0.05,31.17,-0.35,31.52,30.66,31.29,30.0,33.13,0.06,32.04,-0.22,32.65,31.42,32.4,31.43,33.33,0.66,31.7,-0.06,32.61,31.41,32.59,31.38,32.97,0.16,31.38,-0.3,33.06,31.62,33.13,31.86,32.97,0.16,31.38,-0.3,33.06,31.62,33.13,31.86,23.62,21.01,22.31,23.09,24.37,35.22,34.33,33.51,8/25/25,2964.1233129711113,51.95312499999996,Mixed,Rising,Rising,27.25,22.31,4.940000000000001,4.940000000000001,False,True,False,False,True,False,False,False,True,False,Trending,Bullish,Bullish,8,True,10.6531,17.75,14.1,297.39,301.04,2.27,True,Age_6_15,Diagonal Spread (Bullish),Call Debit Spread,Directional,55,0.55,Bullish,Medium,Medium,220.66198595787364,220.66198595787364,2,1.22,0.22066198595787365,500,volatility_scaled,True
IBM,2025-08-25 07:26:58.066303,20.2,1.08,20.54,1.31,22.41,21.99,55.66,57.23,20.64,1.52,20.77,1.54,22.41,21.99,45.4,46.36,21.22,1.38,21.09,0.78,22.71,22.01,39.9,38.08,22.32,1.75,20.93,0.0,23.23,22.96,35.52,33.46,23.77,1.28,23.65,1.18,24.34,23.54,29.83,29.15,27.5,0.24,27.19,0.39,27.83,26.92,28.45,26.92,26.93,0.79,25.87,0.19,27.95,27.04,31.03,29.41,25.95,0.08,25.49,0.32,27.55,26.51,29.64,28.46,26.8,0.05,26.07,0.2,28.02,26.88,28.88,27.76,28.19,0.03,27.81,0.66,29.16,27.91,29.71,28.53,27.84,-0.28,27.33,0.3,29.31,27.63,29.86,27.77,28.84,0.23,27.74,0.54,29.61,27.6,29.87,27.76,28.84,0.23,27.74,0.54,29.61,27.6,29.87,27.76,22.57,22.95,29.48,25.22,27.05,31.02,33.04,31.33,8/25/25,2964.1233129711113,0.0,Contango,Stable,Falling,22.32,29.48,-7.16,7.16,True,False,False,True,False,True,False,False,True,False,Ranging,Bullish,Bullish,0,True,-0.1504,-0.9,3.07,305.99,302.02,1.89,True,Age_0_5,Call Debit Spread,Long Call,Directional,70,0.6982499999999999,Bullish,High,Medium,280.84252758274823,280.84252758274823,2,2.31,0.28084252758274825,500,volatility_scaled,True
TMUS,2025-08-25 07:26:59.788086,18.87,1.97,19.73,1.85,19.82,19.88,47.39,46.55,18.82,1.92,19.37,1.49,19.82,19.88,41.76,41.09,19.42,0.72,19.57,0.85,19.67,19.61,34.13,33.16,20.09,0.59,19.85,0.5,20.52,20.18,30.68,30.43,21.45,0.58,21.16,0.68,21.29,20.98,28.21,26.14,23.62,0.57,23.1,0.58,23.51,23.0,27.78,26.14,23.0,0.2,22.55,0.55,23.6,23.0,27.56,26.14,22.89,0.15,22.43,0.63,23.32,22.67,26.85,25.2,23.68,-0.04,23.01,0.26,24.22,23.19,26.4,24.68,24.24,0.11,23.54,-0.07,24.96,23.77,26.74,25.51,24.79,0.13,23.88,0.03,25.34,24.09,26.7,25.85,25.09,0.0,24.1,0.21,25.7,24.26,27.05,25.37,25.09,0.0,24.1,0.21,25.7,24.26,27.05,25.37,20.1,19.65,24.54,24.63,31.29,31.46,31.43,30.71,8/25/25,2964.1233129711113,0.0,Contango,Stable,Falling,20.09,24.54,-4.449999999999999,4.449999999999999,False,True,False,True,False,True,False,False,True,False,Ranging,Bearish,Bearish,128,True,-0.1751,-0.38,-7.36,201.38,208.36,1.99,True,Age_16_plus,Put Debit Spread,Long Put,Directional,55,0.49637499999999996,Bearish,Medium,Medium,220.66198595787364,220.66198595787364,2,0.99,0.22066198595787365,500,volatility_scaled,True
CRM,2025-08-25 07:27:01.157154,59.99,4.75,59.82,4.19,31.12,30.68,32.23,31.09,55.54,0.3,55.12,-0.51,31.12,30.68,31.3,30.68,48.96,-0.01,48.65,-1.24,48.97,48.58,30.1,29.28,43.99,-0.04,44.03,0.04,44.96,44.08,29.79,27.98,38.1,0.3,37.91,0.18,38.99,38.31,36.74,35.64,36.16,0.37,35.67,0.13,36.65,35.41,34.25,33.49,37.35,-0.25,36.49,-0.16,37.51,36.41,33.33,32.61,35.85,-0.15,35.09,-0.02,36.49,35.39,35.31,34.02,34.76,-0.08,34.09,0.01,35.48,34.56,34.06,32.79,34.62,0.12,33.71,0.09,35.0,34.2,33.95,32.38,34.14,0.05,33.33,0.13,35.34,34.2,34.4,32.51,35.04,0.53,32.92,-0.31,35.31,33.19,34.4,32.49,34.93,0.41,32.53,-0.5,34.94,32.89,35.01,32.46,31.09,29.5,25.25,25.19,28.29,33.37,32.91,33.76,8/25/25,2964.1233129711113,93.6058009228741,Inverted,Stable,Rising,43.99,25.25,18.740000000000002,18.740000000000002,True,False,False,False,True,False,False,False,True,False,Trending,Bullish,Bullish,21,True,4.9585,11.42,17.34,254.66,248.74,2.05,True,Age_16_plus,Put Credit Spread,Naked Put,Directional,65,0.648375,Bullish,Medium,Medium,260.7823470411234,260.7823470411234,2,1.84,0.2607823470411234,500,volatility_scaled,True
WFC,2025-08-25 07:27:02.497157,22.99,0.71,22.95,1.36,24.57,24.09,22.5,22.09,23.4,1.11,23.31,1.73,24.57,24.09,21.14,23.99,23.87,0.47,23.72,0.99,24.05,23.6,21.37,22.48,24.06,0.14,23.88,0.61,24.69,24.25,21.83,22.07,27.45,0.4,27.21,0.67,27.99,26.97,23.29,22.79,26.98,0.75,26.74,0.8,27.29,26.65,24.9,24.7,26.68,0.62,26.37,0.69,26.95,26.37,24.91,24.93,27.33,0.29,26.91,0.57,27.79,26.98,25.12,25.05,27.06,0.27,26.69,0.52,27.75,26.85,25.99,25.67,27.13,-0.21,26.64,0.53,28.61,27.02,26.38,25.78,27.11,0.16,26.44,0.22,28.12,26.97,26.97,26.2,27.49,0.79,26.41,-0.13,28.44,27.13,27.25,26.92,27.65,0.88,26.44,-0.36,28.03,27.24,27.2,26.96,26.9,24.35,28.26,24.42,24.47,34.27,31.66,31.02,8/25/25,2964.1233129711113,77.97202797202792,Flat,Stable,Stable,24.06,28.26,-4.200000000000003,4.200000000000003,False,True,False,False,False,True,False,False,True,False,Neutral,Bullish,Bullish,28,True,1.9238,4.09,7.74,91.17,87.52,1.77,True,Age_16_plus,None,None,None,0,0.3,Neutral,Low,Medium,0.0,0.0,0,,,0,,
ABT,2025-08-25 07:27:05.804608,18.88,1.45,19.27,1.38,21.45,19.63,20.34,18.74,18.43,1.0,18.62,0.72,21.45,19.63,19.84,18.1,18.3,0.88,18.26,1.24,20.92,19.47,20.1,18.46,18.05,0.45,18.17,0.96,18.94,18.97,19.39,19.47,20.48,1.7,20.14,1.05,19.47,19.37,18.97,18.24,20.78,0.64,20.47,1.06,20.13,19.78,20.35,19.32,20.48,0.34,20.15,0.66,20.12,19.62,21.0,19.84,20.44,0.17,20.08,0.53,20.01,19.43,20.58,19.78,20.86,-0.54,20.39,0.77,20.77,20.03,20.45,19.81,21.29,-0.25,20.76,0.25,21.67,20.49,21.62,20.39,21.91,-0.22,21.14,0.13,22.31,21.09,22.21,20.71,22.62,-0.38,21.51,0.03,23.15,21.61,23.73,21.07,22.62,-0.38,21.51,0.03,23.15,21.61,23.73,21.07,18.96,18.61,31.68,25.25,23.52,24.99,25.05,23.66,8/25/25,2964.1233129711113,0.0,Flat,Stable,Falling,18.05,31.68,-13.629999999999999,13.629999999999999,True,False,False,True,False,True,False,False,True,False,Ranging,Bearish,Bearish,24,True,-0.4513,-0.44,-1.47,125.28,126.31,1.82,True,Age_16_plus,Put Debit Spread,Long Put,Directional,55,0.49637499999999996,Bearish,Medium,Medium,220.66198595787364,220.66198595787364,2,0.99,0.22066198595787365,500,volatility_scaled,True
AMD,2025-08-25 07:27:07.312354,45.74,4.33,45.59,4.64,44.62,44.06,45.41,44.69,44.98,3.56,44.81,3.86,44.62,44.06,56.32,55.49,44.16,2.69,43.97,3.0,42.99,42.69,54.22,53.6,43.55,1.85,43.35,2.21,42.56,42.42,49.64,49.85,44.43,1.48,44.0,1.74,42.69,42.15,45.74,45.18,46.98,0.67,46.49,1.05,45.97,45.09,44.66,43.79,45.86,0.37,45.27,0.71,46.0,45.02,45.84,44.88,45.35,0.41,44.63,0.77,45.36,44.2,44.71,44.06,45.94,0.31,45.12,0.62,46.01,44.73,44.68,43.45,46.08,0.12,45.01,0.45,46.36,44.9,44.86,43.12,45.95,-0.1,44.71,0.31,46.37,44.67,44.87,43.3,45.91,0.13,43.82,0.03,46.24,43.98,45.07,42.97,46.15,0.34,43.61,-0.1,46.21,43.9,45.25,42.81,46.15,51.01,47.66,45.62,44.68,59.42,56.6,54.25,8/25/25,2964.1233129711113,13.983050847457559,Flat,Stable,Stable,43.55,47.66,-4.109999999999999,4.109999999999999,False,True,False,True,False,True,False,False,True,False,Trending,Bearish,Bearish,36,True,2.8753,0.51,-14.19,214.48,229.18,3.64,True,Age_16_plus,Put Debit Spread,Long Put,Directional,55,0.49637499999999996,Bearish,Medium,Medium,220.66198595787364,220.66198595787364,2,0.99,0.22066198595787365,500,volatility_scaled,True
MS,2025-08-25 07:27:08.625951,21.51,1.09,21.43,1.43,23.18,23.02,22.88,22.99,21.9,1.48,21.78,1.78,23.18,23.02,22.65,22.28,22.33,1.05,22.18,1.12,22.5,22.1,22.89,22.39,22.59,0.69,22.38,0.69,23.36,22.94,22.76,21.48,26.25,0.3,25.98,0.56,26.67,26.01,23.33,22.92,25.87,0.47,25.58,0.77,26.18,25.5,25.06,24.31,25.52,0.31,25.25,0.68,25.84,25.11,24.96,24.2,25.99,-0.35,25.76,0.55,26.81,25.63,25.23,24.37,25.96,-0.21,25.64,0.54,26.89,25.64,26.02,24.95,26.55,0.09,25.92,0.47,27.26,25.89,26.86,25.44,26.75,-0.32,26.01,0.44,27.62,26.11,27.24,25.71,27.16,-0.65,26.45,0.03,28.75,26.62,28.43,26.15,27.28,-0.55,26.47,-0.06,28.81,26.63,28.54,26.14,23.47,21.97,19.9,17.37,21.81,36.94,34.84,34.08,8/25/25,2964.1233129711113,0.0,Contango,Stable,Rising,22.59,19.9,2.6900000000000013,2.6900000000000013,False,False,True,True,False,False,False,True,False,True,Trending,Bullish,Bullish,31,True,3.0101,5.46,13.72,176.41,168.15,1.77,True,Age_16_plus,None,None,None,0,0.3,Neutral,Low,Medium,0.0,0.0,0,,,0,,
T,2025-08-25 07:27:14.589119,20.89,1.71,20.89,1.27,20.22,19.89,21.45,21.76,20.64,1.46,20.87,1.25,20.22,19.89,20.69,21.43,20.7,0.42,20.81,0.34,20.42,20.23,20.83,20.97,21.22,0.59,21.01,0.95,20.45,20.44,21.06,22.46,23.37,1.9,22.98,1.44,21.73,21.07,21.25,21.03,24.5,0.77,24.33,0.82,23.56,23.43,21.53,20.95,23.96,0.8,23.69,0.52,23.5,23.36,22.4,22.09,23.71,0.87,23.4,0.42,23.16,22.92,22.91,22.75,23.79,0.62,23.51,0.36,23.52,23.07,23.25,23.11,24.13,0.31,23.82,0.39,23.99,23.23,24.02,22.93,24.28,0.22,23.91,0.27,24.58,23.29,23.42,21.74,25.07,0.27,24.62,0.8,25.32,23.26,24.0,23.42,25.07,0.27,24.62,0.8,25.32,23.26,24.0,23.42,16.21,16.0,14.35,17.19,20.38,24.67,24.34,23.99,8/25/25,2964.1233129711113,100.0,Contango,Stable,Rising,21.22,14.35,6.869999999999999,6.869999999999999,True,False,False,False,True,False,False,False,True,False,Ranging,Bearish,Bearish,21,True,0.0759,-0.11,-0.47,24.76,25.12,1.59,True,Age_16_plus,Call Credit Spread,Bear Put Spread,Directional,65,0.648375,Bearish,Medium,Medium,260.7823470411234,260.7823470411234,2,1.84,0.2607823470411234,500,volatility_scaled,True
ACN,2025-08-25 07:27:16.080784,26.35,0.94,26.44,1.08,28.26,27.57,23.22,26.1,26.57,1.16,26.51,1.15,28.26,27.57,23.47,22.75,26.96,0.87,26.75,1.32,27.54,26.9,23.58,22.77,34.49,4.67,34.31,4.42,28.05,27.86,23.14,23.21,34.6,0.87,34.28,0.92,35.13,34.29,23.79,24.19,33.36,0.72,32.85,0.65,33.95,33.3,25.5,25.86,33.91,0.18,33.49,0.75,34.44,33.58,26.32,26.66,33.93,-0.27,33.55,0.56,35.06,33.96,27.0,26.31,32.95,0.02,32.55,0.27,34.35,32.89,27.34,26.06,33.07,-0.33,32.47,0.16,34.34,33.07,27.35,26.18,32.77,-0.62,32.23,0.17,34.41,32.94,27.43,26.01,33.06,-0.71,32.27,0.28,35.08,32.68,28.38,26.31,33.06,-0.71,32.27,0.28,35.08,32.68,28.38,26.31,21.56,33.41,28.89,29.37,27.19,31.75,30.54,30.06,8/25/25,2964.1233129711113,100.00000000000001,Mixed,Rising,Falling,34.49,28.89,5.600000000000001,5.600000000000001,True,False,False,False,True,False,True,False,True,False,Ranging,Bullish,Bullish,31,True,0.061,2.46,16.21,268.63,254.88,2.12,True,Age_16_plus,Put Credit Spread,Calendar Spread,Mixed,75,0.7875000000000001,Bullish,High,Medium,300.90270812437313,300.90270812437313,3,3.71,0.30090270812437314,500,volatility_scaled,True
UBER,2025-08-25 07:31:08.042593,32.81,2.45,32.82,3.47,31.95,31.06,36.56,35.48,33.44,3.08,33.36,4.01,31.95,31.06,50.98,50.77,34.03,2.29,33.74,2.27,31.54,30.93,49.15,48.56,34.24,1.76,33.27,0.68,32.28,31.23,43.46,43.36,35.43,1.56,35.18,1.85,32.85,32.11,39.3,38.99,38.26,0.66,37.88,1.25,36.2,35.32,38.02,37.33,37.05,0.58,36.82,0.86,36.04,35.06,39.38,38.54,36.91,1.09,36.25,1.32,35.54,34.41,38.77,37.9,37.37,0.85,36.56,0.93,36.12,34.89,37.93,36.63,38.23,0.6,36.99,0.5,37.31,35.67,39.24,37.61,37.67,-0.06,36.66,0.46,37.31,35.5,39.95,37.77,39.42,0.83,37.23,0.65,38.6,36.26,40.23,37.94,39.73,1.06,37.19,0.65,38.8,36.18,40.65,38.02,20.08,29.65,26.79,29.88,32.5,38.65,40.83,41.32,8/25/25,2964.1233129711113,17.531305903398934,Flat,Rising,Falling,34.24,26.79,7.450000000000003,7.450000000000003,True,False,False,True,True,False,False,False,True,False,Neutral,Bearish,Bearish,51,True,-0.6974,-3.57,-7.91,84.83,89.17,2.95,True,Age_16_plus,None,None,None,0,0.3,Neutral,Low,Medium,0.0,0.0,0,,,0,,
TXN,2025-08-25 07:31:09.424464,24.94,0.72,24.79,0.77,27.73,27.49,29.78,30.63,25.06,0.84,24.89,0.86,27.73,27.49,29.02,30.37,25.39,1.44,25.16,0.61,26.49,26.64,28.89,28.18,25.87,0.52,25.09,-0.32,26.37,26.52,29.07,27.79,27.76,0.34,27.4,1.08,27.06,26.76,26.93,25.49,30.65,0.06,30.39,0.35,29.6,29.14,27.66,26.2,29.84,-0.49,29.57,0.11,29.97,29.26,29.17,28.53,29.5,-0.43,29.07,0.33,29.29,28.74,29.09,28.01,30.13,0.14,29.7,0.44,29.86,29.15,28.8,28.1,30.09,-0.08,29.56,0.25,30.4,29.25,29.51,28.6,29.84,-0.07,29.18,0.12,30.37,29.4,29.71,28.93,29.77,-0.39,28.79,-0.27,30.63,28.96,30.67,29.08,29.77,-0.39,28.79,-0.27,30.63,28.96,30.67,29.08,30.11,29.98,49.29,37.96,39.12,48.73,46.76,43.74,8/25/25,2964.1233129711113,0.0,Contango,Stable,Falling,25.87,49.29,-23.419999999999998,23.419999999999998,True,False,False,True,False,True,False,False,True,False,Ranging,Bullish,Bullish,25,True,0.2149,-0.75,7.66,177.63,169.22,2.01,True,Age_16_plus,Call Debit Spread,Long Call,Directional,55,0.49637499999999996,Bullish,Medium,Medium,220.66198595787364,220.66198595787364,2,0.99,0.22066198595787365,500,volatility_scaled,True
PEP,2025-08-25 07:31:11.623463,21.7,4.86,22.74,5.39,20.07,20.74,18.19,17.36,21.21,4.37,21.73,4.38,20.07,20.74,18.2,17.32,20.68,3.2,19.8,1.68,19.73,18.6,18.15,17.7,20.19,1.92,18.41,0.04,18.49,18.43,18.74,18.06,23.36,0.06,23.28,0.85,21.23,20.72,18.64,18.42,22.63,0.52,22.26,0.67,21.16,20.34,20.83,20.16,22.18,0.38,21.95,0.98,20.89,19.88,20.74,19.89,22.03,0.36,21.85,1.2,20.73,19.59,20.69,19.73,22.32,0.31,22.04,1.2,21.06,19.62,20.69,19.63,22.4,0.36,22.0,1.13,21.12,19.57,21.17,19.76,22.51,-0.06,21.93,1.18,21.77,19.69,21.57,20.0,22.37,-0.45,21.64,0.43,22.71,20.53,22.61,20.31,22.37,-0.45,21.64,0.43,22.71,20.53,22.61,20.31,17.76,21.88,29.8,24.43,24.36,24.36,24.8,23.82,8/25/25,2964.1233129711113,100.0,Flat,Rising,Falling,20.19,29.8,-9.61,9.61,True,False,False,False,False,True,True,False,True,False,Trending,Bearish,Bearish,2,True,-2.722,-3.56,-2.79,147.34,146.57,1.62,True,Age_0_5,None,None,None,0,0.3,Neutral,Low,Medium,0.0,0.0,0,,,0,,
QCOM,2025-08-25 07:31:13.874419,26.95,2.75,27.35,2.55,26.21,26.07,56.63,56.39,27.05,2.85,27.35,2.54,26.21,26.07,48.79,48.9,27.39,2.57,27.44,1.26,25.87,25.94,43.25,43.3,27.4,1.54,27.15,1.16,25.85,25.9,39.89,38.33,28.81,0.57,28.78,1.23,27.28,26.59,34.97,34.2,31.4,0.05,31.27,0.64,29.95,29.54,33.68,32.69,30.76,0.16,30.66,0.71,30.22,29.44,34.61,33.58,30.71,0.26,30.43,0.77,30.02,28.9,34.03,33.01,31.89,-0.02,31.44,-0.09,31.2,29.99,33.37,32.31,31.94,-0.5,31.47,0.32,32.01,30.5,34.07,32.57,31.68,-0.98,31.07,-0.01,31.93,30.44,34.48,32.37,31.96,-0.8,30.42,-0.67,32.88,30.69,34.35,32.4,31.96,-0.8,30.42,-0.67,32.88,30.69,34.35,32.4,26.32,37.14,32.35,28.04,32.26,43.49,41.22,39.01,8/25/25,2964.1233129711113,11.03988603988602,Flat,Rising,Falling,27.4,32.35,-4.950000000000003,4.950000000000003,False,True,False,True,False,True,False,False,True,False,Ranging,Bullish,Bullish,22,True,-0.4498,-0.01,2.61,174.82,172.2,2.18,True,Age_16_plus,Call Debit Spread,Long Call,Directional,55,0.49637499999999996,Bullish,Medium,Medium,220.66198595787364,220.66198595787364,2,0.99,0.22066198595787365,500,volatility_scaled,True
BA,2025-08-25 07:31:16.069759,26.18,2.57,25.79,1.66,26.52,26.83,43.36,43.88,27.15,3.55,26.71,2.58,26.52,26.83,39.34,39.54,27.98,1.46,27.52,1.84,26.51,27.38,35.86,35.96,28.22,0.99,27.68,0.53,26.69,26.23,34.2,33.57,28.63,0.55,28.18,0.32,27.55,26.91,30.51,30.53,30.42,0.29,29.83,0.59,29.63,28.89,30.62,30.5,30.35,-0.05,29.57,-0.36,29.88,29.02,31.28,31.23,30.5,0.17,29.61,0.48,29.92,28.74,31.88,31.11,30.84,-0.21,30.09,0.22,30.51,29.27,31.45,30.48,31.77,-0.2,30.67,-0.12,31.06,29.54,32.7,31.29,32.17,0.38,30.44,-0.08,31.52,30.21,33.17,32.07,32.87,0.55,31.08,1.22,32.52,30.47,34.11,32.25,32.87,0.55,31.08,1.22,32.52,30.47,34.11,32.25,28.86,27.7,24.43,28.46,28.23,44.17,41.5,39.17,8/25/25,2964.1233129711113,20.372836218375465,Flat,Rising,Rising,28.22,24.43,3.789999999999999,3.789999999999999,False,True,False,True,True,False,False,False,True,False,Trending,Bullish,Bullish,21,True,6.4673,11.1,13.98,205.34,202.46,1.97,True,Age_16_plus,None,None,None,0,0.3,Neutral,Low,Medium,0.0,0.0,0,,,0,,
PGR,2025-08-25 07:31:19.560406,21.42,1.83,21.22,1.97,24.93,24.39,21.34,20.04,21.56,1.98,21.78,2.53,24.93,24.39,21.06,19.93,22.42,0.99,22.5,1.34,22.93,22.22,20.38,20.61,22.39,0.18,22.68,-0.01,23.61,22.77,21.42,21.87,24.16,0.01,23.99,0.21,24.53,22.68,21.7,22.34,23.93,-0.89,24.02,-0.15,24.7,23.28,22.98,24.02,24.93,0.84,24.62,-0.05,24.33,24.33,23.59,24.81,25.42,1.96,24.84,-0.16,23.99,25.12,23.1,25.16,25.5,3.59,24.64,-0.82,23.07,25.3,22.73,25.39,25.74,3.02,25.37,-0.96,23.11,26.12,22.41,25.58,25.94,2.88,24.96,-1.3,23.98,26.18,23.55,25.78,26.35,3.41,24.95,-1.67,23.36,26.4,23.4,26.08,26.35,3.41,24.95,-1.67,23.36,26.4,23.4,26.08,20.41,21.21,19.73,22.03,22.73,27.76,26.79,25.96,8/25/25,2964.1233129711113,44.29223744292237,Flat,Falling,Stable,22.39,19.73,2.66,2.66,False,False,True,False,False,False,False,False,False,True,Ranging,Bullish,Bullish,39,True,-0.1344,-0.61,4.76,227.74,222.37,2.08,True,Age_16_plus,None,None,None,0,0.3,Neutral,Low,Medium,0.0,0.0,0,,,0,,
AMGN,2025-08-25 07:31:20.693570,19.98,2.06,20.19,2.1,19.68,19.65,21.28,20.94,20.56,2.64,20.44,2.35,19.68,19.65,28.59,27.92,20.82,2.22,20.48,1.05,17.45,17.94,28.36,30.2,20.87,1.48,20.59,0.91,19.2,19.21,25.49,24.87,22.71,1.35,22.63,1.29,20.85,20.68,23.32,23.24,25.41,1.46,25.17,-0.01,23.86,24.99,23.19,23.09,25.11,0.66,24.76,0.73,25.27,24.78,24.73,24.39,25.32,0.24,24.96,0.92,25.24,24.08,25.56,25.1,25.56,0.43,25.31,1.01,25.48,24.47,25.13,24.58,26.19,0.3,25.7,0.5,25.96,25.06,26.34,25.42,26.62,0.28,26.02,0.53,26.92,25.88,26.71,25.67,26.69,-0.13,26.07,0.38,27.79,26.2,27.38,25.84,26.69,-0.13,26.07,0.38,27.79,26.2,27.38,25.84,17.56,26.24,25.42,26.43,27.89,28.52,28.54,27.06,8/25/25,2964.1233129711113,26.550079491255993,Contango,Rising,Falling,20.87,25.42,-4.550000000000001,4.550000000000001,False,True,False,True,False,True,False,False,True,False,Trending,Bullish,Bullish,3,True,4.3022,3.83,12.71,329.1,320.22,1.82,True,Age_0_5,Call Debit Spread,Long Call,Directional,70,0.735,Bullish,High,Medium,280.84252758274823,280.84252758274823,2,2.77,0.28084252758274825,500,volatility_scaled,True
SHOP,2025-08-25 07:31:21.788632,39.12,2.38,39.01,2.47,38.0,37.9,44.56,44.21,39.07,2.33,38.88,2.34,38.0,37.9,70.42,69.37,39.39,1.55,39.06,1.54,37.09,37.28,68.16,67.82,39.52,0.63,38.8,-0.09,37.55,37.95,61.85,61.03,42.73,1.88,42.75,2.5,39.72,39.1,52.69,52.51,49.05,1.22,48.49,1.25,46.84,46.3,50.61,50.06,46.82,0.33,46.32,0.46,47.14,46.29,53.65,52.66,45.98,0.25,45.38,0.51,45.75,44.9,51.66,50.95,46.76,0.0,45.97,0.2,46.69,45.58,50.84,49.49,48.3,-0.34,47.19,-0.07,48.47,47.63,52.2,50.06,47.76,-0.43,46.55,-0.38,48.39,46.78,51.38,49.68,48.47,-0.34,47.0,-0.12,48.68,46.54,51.28,49.12,48.47,-0.34,47.0,-0.12,48.68,46.54,51.28,49.12,36.2,80.74,70.26,56.66,56.39,70.29,66.67,63.51,8/25/25,2964.1233129711113,8.106995884773685,Contango,Rising,Falling,39.52,70.26,-30.740000000000002,30.740000000000002,True,False,False,True,False,True,False,False,True,False,Trending,Bullish,Bullish,22,True,3.4768,7.61,9.8,163.22,161.03,3.7,True,Age_16_plus,Call Debit Spread,Long Call,Directional,55,0.49637499999999996,Bullish,Medium,Medium,220.66198595787364,220.66198595787364,2,0.99,0.22066198595787365,500,volatility_scaled,True
HON,2025-08-25 07:31:22.959395,15.86,1.5,15.94,1.45,17.17,16.78,38.91,39.21,16.29,1.93,16.27,1.77,17.17,16.78,32.48,34.06,16.67,1.19,16.55,1.04,16.33,16.27,27.82,29.61,16.81,0.73,16.54,0.68,17.87,16.77,25.35,24.02,18.4,1.03,18.06,0.88,18.12,18.09,22.43,21.78,20.06,0.69,19.6,0.62,19.74,19.09,22.66,21.67,19.45,0.2,19.0,0.34,20.2,19.2,22.35,21.22,19.49,0.2,18.95,0.47,20.29,19.3,22.18,20.97,19.86,-0.05,19.27,0.46,20.85,19.55,22.4,21.4,20.37,-0.31,19.64,0.43,21.73,19.96,23.01,21.16,21.08,-0.27,20.25,0.42,22.35,20.5,23.37,21.45,22.53,0.07,21.29,0.58,23.35,21.29,24.28,21.92,22.53,0.07,21.29,0.58,23.35,21.29,24.28,21.92,14.8,16.19,23.76,19.61,22.17,28.36,27.65,26.46,8/25/25,2964.1233129711113,0.0,Contango,Falling,Falling,16.81,23.76,-6.950000000000003,6.950000000000003,True,False,False,True,False,True,False,False,True,False,Ranging,Bullish,Bullish,11,True,-0.0194,2.73,2.18,194.64,195.19,1.44,True,Age_6_15,Call Debit Spread,Long Call,Directional,60,0.57,Bullish,Medium,Medium,240.7221664994985,240.7221664994985,2,1.33,0.24072216649949849,500,volatility_scaled,True
AMAT,2025-08-25 07:31:24.096860,29.34,1.75,29.29,1.77,35.93,34.94,36.56,35.36,29.5,1.92,29.17,1.65,35.93,34.94,34.35,33.54,29.61,1.59,29.12,0.83,34.14,33.28,37.67,36.41,29.75,0.23,29.47,0.42,33.83,33.01,36.26,35.76,31.73,0.57,31.37,0.8,33.7,32.9,34.61,33.48,34.03,-0.02,33.77,0.57,35.48,34.64,34.26,33.12,33.53,-0.14,33.09,0.28,35.08,34.41,35.12,34.21,33.42,-0.09,32.78,0.26,35.27,33.81,34.81,33.88,33.99,-0.24,33.29,0.03,35.74,34.15,35.34,33.46,34.93,-0.79,33.96,-0.28,36.65,34.67,35.83,34.36,34.96,-0.53,34.02,-0.51,36.72,35.09,35.97,34.57,36.06,-0.35,34.52,-0.21,37.37,35.02,37.1,35.13,36.77,0.19,34.7,-0.18,37.42,35.05,37.35,35.29,79.43,61.07,50.88,41.74,41.62,49.15,48.68,46.54,8/25/25,2964.1233129711113,0.0,Flat,Falling,Rising,29.75,50.88,-21.130000000000003,21.130000000000003,True,False,False,True,False,True,False,True,True,False,Neutral,Bullish,Bullish,108,True,1.6197,-0.02,19.0,261.92,242.9,2.87,True,Age_16_plus,Long Straddle,Long Strangle,Volatility,65,0.6174999999999999,Bidirectional,Medium,Medium,260.7823470411234,260.7823470411234,2,1.21,0.2607823470411234,500,volatility_scaled,True
NEE,2025-08-25 07:31:25.327704,21.64,2.0,21.0,1.9,30.09,28.98,27.25,25.33,21.84,2.2,21.52,2.41,30.09,28.98,26.3,24.43,21.88,1.89,21.8,2.06,27.56,27.63,25.58,24.64,23.51,2.16,23.14,2.76,26.12,26.3,26.38,25.6,23.02,0.5,22.98,1.04,25.33,26.4,24.71,23.76,24.0,0.14,23.74,0.41,25.57,24.4,24.95,22.6,23.79,0.01,23.74,0.65,25.62,24.47,25.74,24.51,23.78,-0.66,23.59,0.24,25.05,23.87,25.69,24.43,24.18,-0.74,24.02,-0.2,24.72,24.01,25.63,24.41,24.8,-0.42,24.76,0.58,25.68,25.21,26.37,25.39,25.3,-0.37,24.93,0.56,26.34,25.56,27.28,25.97,26.02,-0.91,25.34,0.7,26.18,25.7,27.85,26.03,26.02,-0.91,25.34,0.7,26.18,25.7,27.85,26.03,22.62,20.93,26.53,26.75,29.48,32.13,31.47,30.27,8/25/25,2964.1233129711113,0.0,Flat,Falling,Falling,23.51,26.53,-3.0199999999999996,3.0199999999999996,False,False,True,True,False,False,False,False,False,True,Ranging,Bearish,Bearish,18,True,-0.4769,-1.37,-2.33,81.78,82.74,1.84,True,Age_16_plus,None,None,None,0,0.3,Neutral,Low,Medium,0.0,0.0,0,,,0,,
DHR,2025-08-25 07:31:26.550052,27.0,2.26,26.35,1.47,26.69,27.76,29.37,29.42,25.98,1.24,26.07,1.19,26.69,27.76,28.89,27.78,26.63,0.96,26.59,1.41,25.03,26.93,28.39,27.4,26.14,0.24,25.79,0.21,26.06,27.0,26.25,27.2,28.54,0.76,27.43,0.42,26.46,27.15,26.39,26.12,29.69,0.04,29.11,0.09,28.9,28.76,25.83,26.02,28.74,-0.07,28.31,-0.11,28.79,28.83,27.26,26.98,28.78,-0.36,28.14,0.09,28.98,28.42,28.08,27.51,29.32,0.09,28.33,0.15,28.97,28.4,28.51,27.18,29.4,0.13,28.58,0.27,29.46,28.24,29.31,28.06,29.39,-0.13,28.33,0.1,29.71,28.45,29.5,28.17,29.43,0.09,28.19,-0.2,29.51,28.55,29.69,27.92,29.43,0.09,28.19,-0.2,29.51,28.55,29.69,27.92,33.34,30.34,32.51,26.59,30.77,36.56,36.41,34.26,8/25/25,2964.1233129711113,42.10526315789543,Flat,Stable,Stable,26.14,32.51,-6.369999999999997,6.369999999999997,True,False,False,False,False,True,False,False,True,False,Trending,Bullish,Bullish,85,True,2.808,3.23,8.5,227.09,221.82,1.85,True,Age_16_plus,None,None,None,0,0.3,Neutral,Low,Medium,0.0,0.0,0,,,0,,
MU,2025-08-25 07:31:27.759154,43.73,1.57,43.36,2.23,43.48,43.45,45.01,44.43,43.57,1.41,43.09,1.96,43.48,43.45,43.51,42.88,43.87,1.54,43.35,2.15,42.15,41.96,42.17,41.71,51.55,5.91,50.3,5.31,42.68,42.18,42.55,39.59,48.78,0.44,48.28,0.18,48.02,47.77,42.28,41.46,46.91,0.41,46.32,0.42,46.52,45.98,45.41,44.49,47.92,0.31,46.99,0.02,47.42,46.39,44.41,43.6,47.47,0.17,46.34,0.09,47.22,46.13,45.83,44.46,46.26,-0.18,45.52,0.18,46.2,45.3,45.64,44.47,45.91,0.44,44.81,-0.54,46.14,45.03,45.44,43.71,45.12,-0.31,44.24,-0.89,45.65,44.46,45.26,43.61,45.86,-0.58,43.48,-0.56,46.01,43.67,46.61,44.22,45.87,-0.79,43.4,-0.41,46.21,43.7,47.05,44.46,45.52,47.98,45.21,39.61,40.9,63.18,63.16,65.36,8/25/25,2964.1233129711113,100.0,Flat,Rising,Stable,51.55,45.21,6.339999999999996,6.339999999999996,True,False,False,False,True,False,True,False,True,False,Trending,Bullish,Bullish,120,True,21.5336,34.22,50.0,250.57,234.79,5.29,True,Age_16_plus,Put Credit Spread,Calendar Spread,Mixed,75,0.7875000000000001,Bullish,High,Medium,300.90270812437313,300.90270812437313,3,3.71,0.30090270812437314,500,volatility_scaled,True
UNP,2025-08-25 07:31:28.918951,18.91,1.96,19.4,2.49,21.57,19.48,32.81,33.79,19.1,2.15,19.35,2.44,21.57,19.48,26.45,28.1,19.09,0.17,19.22,1.58,18.12,18.33,22.59,24.18,19.67,1.12,19.45,0.97,18.33,17.96,19.53,21.69,20.4,1.04,20.25,0.88,19.12,18.97,21.44,22.61,21.73,0.85,21.28,0.64,20.67,19.93,21.03,21.09,21.4,-0.26,21.07,0.59,21.21,20.2,21.8,22.13,21.97,0.36,21.34,0.16,21.19,20.1,21.8,21.85,22.0,-0.23,21.57,-0.28,22.19,21.09,21.17,21.12,22.68,-0.14,22.08,0.42,22.6,21.3,22.24,21.41,23.09,-0.17,22.44,-0.04,23.13,22.06,22.78,21.65,23.76,-0.4,22.7,-0.2,24.75,22.73,24.64,23.56,24.23,-0.22,22.84,-0.3,25.31,22.99,25.39,23.83,17.05,19.65,23.29,19.3,21.76,26.37,25.47,24.31,8/25/25,2964.1233129711113,100.0,Flat,Rising,Falling,19.67,23.29,-3.6199999999999974,3.6199999999999974,False,True,False,False,False,True,True,False,True,False,Neutral,Bullish,Bullish,35,True,-0.684,-1.26,7.03,234.7,226.41,1.51,True,Age_16_plus,None,None,None,0,0.3,Neutral,Low,Medium,0.0,0.0,0,,,0,,
GILD,2025-08-25 07:31:29.997159,24.2,1.88,24.31,2.12,23.05,22.25,34.75,34.74,22.98,0.66,23.71,1.51,23.05,22.25,35.46,35.84,22.91,-1.1,23.92,-0.09,21.94,21.94,34.83,35.02,24.19,0.86,25.01,1.95,23.13,23.11,32.26,32.3,25.03,-0.22,24.99,-0.09,24.25,23.76,28.56,28.35,26.81,-1.34,27.12,0.07,26.88,26.66,27.84,28.12,26.54,-1.35,26.54,-0.53,27.09,26.61,28.7,28.27,26.54,-1.11,26.36,-0.69,26.87,26.1,28.19,27.62,27.08,-0.2,26.81,-0.05,27.3,26.76,27.84,27.24,26.92,-0.82,27.49,-0.03,27.83,26.83,28.21,27.33,26.97,-0.95,27.04,-0.05,28.01,27.14,28.04,27.24,28.04,0.05,26.96,-0.21,28.38,27.17,28.58,27.05,28.0,0.03,26.95,-0.31,28.52,27.1,28.67,27.31,14.31,35.47,33.29,29.81,32.45,31.39,31.11,29.39,8/25/25,2964.1233129711113,11.61007667031766,Flat,Stable,Falling,24.19,33.29,-9.099999999999998,9.099999999999998,True,False,False,True,False,True,False,False,True,False,Trending,Bullish,Bullish,4,True,2.0211,2.45,2.66,122.25,122.04,2.28,True,Age_0_5,Call Debit Spread,Long Call,Directional,70,0.6982499999999999,Bullish,High,Medium,280.84252758274823,280.84252758274823,2,2.31,0.28084252758274825,500,volatility_scaled,True
PFE,2025-08-25 07:31:32.180319,19.47,2.62,19.29,1.51,18.78,17.98,22.78,22.93,19.39,2.54,19.16,1.38,18.78,17.98,28.49,28.19,19.5,2.2,19.55,1.52,18.96,17.51,27.71,27.5,19.68,1.66,19.82,1.28,20.06,19.3,25.18,25.06,21.74,1.14,21.5,1.23,21.34,20.5,23.51,23.14,23.83,0.45,24.03,2.38,23.94,21.68,23.76,22.69,23.0,0.15,23.16,1.55,23.99,21.87,25.26,23.38,23.14,0.08,23.02,1.1,23.91,21.87,24.89,23.22,23.08,-0.37,23.31,1.51,23.93,21.54,24.31,23.51,23.29,-0.67,23.37,1.23,24.19,21.6,24.81,22.41,22.47,-1.32,23.05,0.75,24.56,21.81,24.45,22.29,23.16,-1.05,23.53,0.86,24.43,23.79,23.92,23.79,23.14,-0.87,23.4,0.19,24.3,24.2,24.39,24.29,11.91,28.43,28.18,23.26,26.3,27.74,26.49,25.79,8/25/25,2964.1233129711113,0.0,Contango,Stable,Falling,19.68,28.18,-8.5,8.5,True,False,False,True,False,True,False,False,True,False,Ranging,Bearish,Bearish,4,True,-0.2318,-0.38,0.12,25.47,24.97,2.19,True,Age_0_5,Put Debit Spread,Long Put,Directional,70,0.6982499999999999,Bearish,High,Medium,280.84252758274823,280.84252758274823,2,2.31,0.28084252758274825,500,volatility_scaled,True
PANW,2025-08-25 07:31:34.536890,28.24,1.72,27.91,1.5,55.76,55.55,29.93,30.84,28.37,1.85,27.98,1.57,55.76,55.55,30.22,29.53,28.51,1.55,28.12,1.27,48.31,48.4,30.68,30.47,28.27,0.86,28.73,1.06,43.91,43.65,37.85,40.08,30.21,0.95,29.87,1.07,37.84,37.36,36.61,35.7,33.04,0.32,32.5,0.68,38.38,37.45,34.5,33.66,33.01,0.48,32.42,0.62,38.14,37.17,35.22,35.04,32.74,0.66,32.07,0.79,37.12,36.11,34.64,34.43,33.87,0.49,32.98,0.69,37.53,36.28,34.18,33.63,34.15,0.32,33.09,0.1,36.71,35.82,35.15,34.33,35.25,0.96,33.73,0.06,37.47,35.76,35.68,34.65,36.92,0.34,34.99,0.4,38.06,35.42,35.72,34.37,37.09,0.19,34.74,-0.01,38.39,35.21,35.76,34.79,28.59,43.45,37.78,35.09,35.23,41.11,39.64,38.6,8/25/25,2964.1233129711113,0.0,Contango,Falling,Falling,28.27,37.78,-9.510000000000002,9.510000000000002,True,False,False,True,False,True,False,False,True,False,Ranging,Bearish,Bearish,43,True,0.029,-1.74,-12.31,190.19,200.76,2.03,True,Age_16_plus,Put Debit Spread,Long Put,Directional,55,0.49637499999999996,Bearish,Medium,Medium,220.66198595787364,220.66198595787364,2,0.99,0.22066198595787365,500,volatility_scaled,True
CMCSA,2025-08-25 07:31:35.727636,22.79,0.29,23.02,3.91,22.65,22.14,45.25,45.58,23.11,0.61,23.13,4.02,22.65,22.14,39.14,39.27,23.51,0.41,23.3,0.19,22.22,22.78,33.72,34.02,23.59,0.99,23.2,0.68,23.38,22.4,30.49,30.31,25.12,0.84,24.91,2.45,23.98,23.69,26.43,26.3,25.89,0.36,25.56,1.73,25.12,23.79,25.15,24.68,26.27,0.14,25.88,1.4,25.75,23.86,25.28,24.44,26.47,-0.02,26.06,1.2,26.11,23.89,25.35,24.3,26.5,-0.25,26.15,1.02,26.37,24.53,25.4,24.22,26.42,-0.46,26.12,0.85,26.57,25.03,25.46,24.21,26.84,0.63,25.95,0.93,26.27,25.2,25.52,25.57,27.78,-0.31,26.7,-1.29,26.58,25.71,23.74,23.64,27.01,2.27,27.07,2.63,26.06,24.77,26.0,23.78,22.27,23.64,27.01,23.06,22.41,27.49,30.05,30.67,8/25/25,2964.1233129711113,2.9535864978903077,Flat,Stable,Falling,23.59,27.01,-3.4200000000000017,3.4200000000000017,False,False,True,True,False,False,False,False,False,True,Ranging,Bullish,Bullish,11,True,0.3889,1.45,1.6,28.21,28.06,2.67,True,Age_6_15,None,None,None,0,0.3,Neutral,Low,Medium,0.0,0.0,0,,,0,,
LOW,2025-08-25 07:31:36.917366,19.56,1.06,19.77,2.0,32.32,32.43,25.5,26.34,20.14,1.64,20.09,2.31,32.32,32.43,25.36,24.75,20.85,0.99,20.48,1.18,28.85,29.0,24.6,24.54,21.47,1.61,20.88,0.87,27.44,26.72,30.28,29.44,22.22,1.17,21.97,1.32,24.49,24.81,27.13,26.97,23.17,1.02,22.8,1.15,24.47,24.44,26.26,26.18,23.63,0.94,23.21,1.08,24.54,24.26,26.33,26.17,23.94,0.93,23.46,1.03,24.58,24.16,26.37,26.16,24.27,0.91,23.66,0.93,24.99,24.34,26.4,26.12,24.41,0.44,23.8,0.62,25.31,24.43,26.5,25.54,24.86,0.59,24.07,0.7,25.62,24.32,26.59,25.47,25.25,0.37,24.41,0.57,25.89,24.45,26.83,25.37,25.25,0.37,24.41,0.57,25.89,24.45,26.83,25.37,30.98,26.45,26.22,23.63,24.81,27.3,26.52,25.28,8/25/25,2964.1233129711113,0.0,Flat,Falling,Rising,21.47,26.22,-4.75,4.75,False,True,False,True,False,True,False,True,True,False,Neutral,Bullish,Bullish,28,True,-1.329,-0.8,4.7,245.29,239.79,1.9,True,Age_16_plus,Long Straddle,Long Strangle,Volatility,65,0.6174999999999999,Bidirectional,Medium,Medium,260.7823470411234,260.7823470411234,2,1.21,0.2607823470411234,500,volatility_scaled,True
ANET,2025-08-25 07:31:38.176774,40.78,2.73,40.51,2.61,38.32,38.45,47.23,46.2,42.59,4.54,42.52,4.63,38.32,38.45,62.14,61.56,43.22,0.94,43.19,1.2,38.04,37.34,59.39,58.78,42.1,1.59,41.64,1.08,39.77,39.96,53.13,52.94,42.4,1.16,41.95,1.16,39.45,39.22,47.27,46.64,46.98,0.06,46.38,0.11,45.41,44.94,45.57,44.9,45.45,-0.07,44.83,-0.17,45.22,44.75,47.93,47.11,44.85,0.92,44.15,0.67,44.04,43.01,46.3,45.59,45.71,0.83,44.65,0.56,44.7,43.66,45.07,44.27,46.24,0.37,45.22,-0.12,45.49,44.55,46.01,44.9,46.07,0.51,44.71,0.35,45.17,43.97,45.48,44.27,46.88,1.68,43.71,0.51,45.44,43.27,44.97,43.36,46.88,1.68,43.71,0.51,45.44,43.27,44.97,43.36,29.16,66.09,55.32,53.11,51.09,56.73,66.31,62.16,8/25/25,2964.1233129711113,17.44011976047903,Flat,Rising,Falling,42.1,55.32,-13.219999999999999,13.219999999999999,True,False,False,True,False,True,False,False,True,False,Trending,Bullish,Bullish,0,True,2.2845,3.02,-3.75,128.82,135.59,3.54,True,Age_0_5,Call Debit Spread,Long Call,Directional,70,0.6982499999999999,Bullish,High,Medium,280.84252758274823,280.84252758274823,2,2.31,0.28084252758274825,500,volatility_scaled,True
CRWD,2025-08-25 07:31:39.668210,66.11,4.6,66.06,4.7,66.19,67.03,39.73,36.81,60.8,-0.71,60.82,-0.53,66.19,67.03,38.15,36.0,54.39,-0.33,54.01,0.09,57.36,58.01,37.46,36.25,49.34,-1.05,49.57,-0.58,52.44,52.76,36.43,35.61,44.17,0.17,43.91,0.44,46.49,46.23,43.77,43.38,42.84,0.73,41.77,0.14,44.73,43.96,42.19,41.13,43.86,-0.09,43.36,-0.01,45.21,44.51,41.6,40.3,42.42,-0.36,41.65,-0.48,44.6,43.82,43.78,42.21,41.75,0.05,40.98,-0.07,43.58,42.84,42.22,41.27,42.37,0.4,41.34,0.14,44.14,43.01,43.24,42.13,42.95,0.64,41.71,0.33,44.56,43.24,43.74,42.51,43.64,0.53,41.39,-0.27,44.58,42.31,43.92,42.22,43.64,0.53,41.39,-0.27,44.58,42.31,43.92,42.22,21.41,31.41,27.85,32.86,37.03,50.06,49.49,48.55,8/25/25,2964.1233129711113,80.63710181136793,Inverted,Falling,Falling,49.34,27.85,21.490000000000002,21.490000000000002,True,False,False,False,True,False,False,False,True,False,Trending,Bearish,Bearish,36,True,-6.6019,-17.77,-32.88,498.96,514.07,2.87,True,Age_16_plus,Call Credit Spread,Bear Put Spread,Directional,65,0.648375,Bearish,Medium,Medium,260.7823470411234,260.7823470411234,2,1.84,0.2607823470411234,500,volatility_scaled,True
APH,2025-08-25 07:31:45.266468,30.89,0.36,31.15,0.89,30.43,30.96,30.21,29.5,30.89,0.36,31.15,0.89,30.43,30.96,30.21,29.5,30.89,0.36,31.15,0.89,30.43,30.96,30.21,29.5,30.84,0.29,30.98,0.72,30.43,30.96,30.43,29.21,31.2,0.21,31.0,0.42,29.96,30.33,30.59,28.69,32.38,-0.07,32.0,-0.18,31.32,31.18,29.21,28.33,32.81,-0.32,32.34,-0.59,32.11,31.68,31.02,29.0,32.59,-0.41,31.99,-1.02,31.32,30.59,31.94,29.35,33.44,-0.04,32.48,-0.8,31.8,31.2,30.06,28.78,34.36,0.19,33.24,-0.44,33.22,32.62,31.95,30.06,35.11,0.98,33.72,0.28,33.48,32.94,32.93,30.98,34.04,-0.8,32.92,-0.93,32.91,33.04,34.09,32.67,34.04,-0.8,32.92,-0.93,32.91,33.04,34.09,32.67,20.39,24.45,24.4,20.0,26.44,35.39,39.86,38.02,8/25/25,2964.1233129711113,100.0,Flat,Stable,Falling,30.84,24.4,6.440000000000001,6.440000000000001,True,False,False,False,True,False,False,False,True,False,Trending,Bullish,Bullish,0,True,2.6382,1.45,1.9,135.98,135.53,2.92,True,Age_0_5,Put Credit Spread,Naked Put,Directional,80,0.85,Bullish,High,Medium,320.962888665998,320.962888665998,3,5.67,0.32096288866599804,500,volatility_scaled,True
ADI,2025-08-25 07:31:46.598461,25.19,2.95,25.12,1.89,39.77,40.01,30.72,29.71,25.19,2.95,25.17,1.94,39.77,40.01,28.04,28.85,25.48,2.29,25.49,1.62,34.62,34.84,27.44,28.06,25.61,1.12,25.59,1.08,32.83,33.01,31.77,32.57,26.37,0.92,26.18,1.21,30.49,30.33,32.18,30.63,27.69,1.26,27.34,1.3,29.73,29.35,30.64,29.67,28.31,0.15,27.99,0.69,30.3,29.61,29.99,29.15,28.08,0.22,27.65,0.77,30.28,29.37,30.4,29.82,28.39,0.05,27.9,0.58,30.33,29.34,30.68,29.89,28.7,-0.13,28.02,0.3,30.28,29.14,30.82,29.79,29.01,-0.11,28.15,0.21,30.44,29.24,31.15,30.06,30.12,-0.3,28.76,0.0,31.43,29.63,31.69,30.26,30.12,-0.3,28.76,0.0,31.43,29.63,31.69,30.26,37.5,31.05,28.8,25.36,29.61,46.18,45.12,42.27,8/25/25,2964.1233129711113,0.0,Flat,Falling,Rising,25.61,28.8,-3.1900000000000013,3.1900000000000013,False,False,True,True,False,False,False,True,False,True,Neutral,Bullish,Bullish,31,True,0.8973,0.76,24.47,276.08,252.37,1.8,True,Age_16_plus,None,None,None,0,0.3,Neutral,Low,Medium,0.0,0.0,0,,,0,,
COP,2025-08-25 07:31:48.958174,26.6,2.59,26.55,2.59,27.63,27.52,28.15,27.35,26.47,2.46,26.37,2.41,27.63,27.52,30.63,29.86,26.38,1.14,26.26,1.5,26.79,26.68,30.46,30.42,26.45,0.4,25.91,1.06,26.9,25.95,29.5,28.97,27.07,-0.34,27.07,1.01,27.32,27.31,28.19,27.72,28.26,1.37,28.02,1.25,27.69,27.47,28.25,27.2,27.78,0.5,27.57,0.62,27.94,27.43,28.51,27.39,27.71,0.13,27.46,0.45,28.11,27.38,28.75,27.63,28.37,0.14,27.87,1.27,28.26,27.7,28.89,27.81,28.5,-0.88,27.73,0.74,28.73,27.53,29.28,27.96,28.34,-0.68,27.76,0.13,28.64,27.51,29.43,28.1,29.27,-0.79,28.36,0.38,29.99,28.36,30.47,28.24,29.19,-1.16,28.5,0.4,30.35,28.58,30.8,28.35,17.05,20.1,21.17,25.44,26.82,39.66,38.41,35.83,8/25/25,2964.1233129711113,0.0,Flat,Stable,Falling,26.45,21.17,5.279999999999998,5.279999999999998,True,False,False,True,True,False,False,False,True,False,Neutral,Bullish,Bullish,25,True,-0.5363,-1.25,1.96,92.79,89.58,2.62,True,Age_16_plus,None,None,None,0,0.3,Neutral,Low,Medium,0.0,0.0,0,,,0,,
VRTX,2025-08-25 07:31:50.362701,22.75,2.01,21.19,-1.43,24.98,22.75,43.18,43.03,23.6,2.86,22.15,-0.48,24.98,22.75,43.18,43.03,24.18,0.9,23.92,-0.24,21.09,20.53,40.83,40.72,25.28,0.21,25.51,-0.14,24.48,23.59,35.73,35.67,26.47,1.35,25.77,0.26,25.59,25.61,31.31,30.79,28.99,1.8,28.74,2.03,27.98,26.89,29.43,28.83,29.02,0.86,28.4,1.11,29.28,27.58,28.99,28.25,29.16,0.36,28.32,0.68,30.03,27.98,28.73,27.89,29.67,-0.03,28.67,0.71,30.22,28.79,28.65,27.73,30.87,-0.15,29.83,0.44,31.12,29.63,30.41,29.38,32.49,-0.46,31.38,0.32,33.28,31.28,32.2,31.15,33.51,-0.22,31.7,-0.15,34.09,31.87,33.84,32.42,33.51,-0.22,31.7,-0.15,34.09,31.87,33.84,32.42,23.85,87.96,72.53,52.97,49.26,44.04,41.24,41.41,8/25/25,2964.1233129711113,7.11111111111112,Contango,Stable,Falling,25.28,72.53,-47.25,47.25,True,False,False,True,False,True,False,False,True,False,Trending,Bullish,Bullish,86,True,6.8479,12.94,28.54,449.96,434.36,1.91,True,Age_16_plus,Call Debit Spread,Long Call,Directional,55,0.49637499999999996,Bullish,Medium,Medium,220.66198595787364,220.66198595787364,2,0.99,0.22066198595787365,500,volatility_scaled,True
GOOGL,2025-08-25 07:31:53.088480,34.54,2.35,34.32,2.16,33.45,33.11,52.03,50.43,33.32,1.14,33.22,1.06,33.45,33.11,44.03,43.31,31.69,0.69,31.65,0.77,31.23,31.04,40.46,39.7,30.39,0.52,30.31,0.61,29.81,29.79,37.08,35.45,29.59,0.73,29.29,0.81,28.51,28.19,32.37,32.26,30.83,0.35,30.4,0.51,30.23,29.13,30.89,30.25,29.96,0.25,29.43,0.36,29.99,29.32,30.54,29.04,29.79,0.28,29.17,0.55,29.62,28.35,31.61,29.49,30.51,0.17,29.81,0.49,30.41,29.04,30.8,29.42,30.62,0.15,29.65,0.35,31.04,29.38,31.14,29.43,30.86,0.32,29.66,0.31,31.28,29.53,30.62,29.14,31.45,0.04,29.4,0.04,31.77,29.35,32.66,30.03,31.69,0.29,29.37,-0.09,31.97,29.41,32.94,30.44,19.65,22.77,20.02,22.59,27.76,33.18,33.59,33.4,8/25/25,2964.1233129711113,7.977991746905115,Flat,Stable,Stable,30.39,20.02,10.370000000000001,10.370000000000001,True,False,False,True,True,False,False,False,True,False,Trending,Bullish,Bullish,127,True,3.4426,0.82,20.63,312.69,292.88,2.3,True,Age_16_plus,None,None,None,0,0.3,Neutral,Low,Medium,0.0,0.0,0,,,0,,
QQQ,2025-08-25 07:31:55.729371,14.74,1.21,14.73,1.2,12.66,12.55,15.85,15.74,15.3,0.21,15.05,0.1,15.19,14.97,15.56,15.76,16.43,0.85,16.25,0.87,14.92,14.75,15.94,15.79,16.44,0.53,16.29,0.57,15.26,15.05,16.25,16.01,17.49,0.49,17.19,0.47,16.51,16.25,17.2,16.89,18.1,0.21,17.72,0.2,17.74,17.35,18.23,17.86,18.65,0.18,18.13,0.12,18.48,18.01,19.07,18.73,18.97,0.2,18.35,0.1,18.82,18.3,19.67,19.13,19.41,0.19,18.69,0.06,19.23,18.64,19.77,19.27,20.45,0.21,19.43,-0.01,20.22,19.41,20.75,19.96,21.11,0.22,19.9,-0.03,20.78,19.84,21.34,20.31,22.8,0.46,20.68,-0.26,22.32,20.89,22.81,21.19,23.16,0.55,20.76,-0.33,22.57,21.0,22.95,21.34,13.61,15.15,12.74,11.96,16.82,28.65,27.15,26.05,8/25/25,2964.1233129711113,100.0,Contango,Rising,Rising,16.44,12.74,3.700000000000001,3.700000000000001,False,True,False,False,True,False,False,False,True,False,Trending,Bullish,Bullish,3,True,5.7134,5.3,9.03,618.59,614.86,1.25,True,Age_0_5,Put Credit Spread,Naked Put,Directional,80,0.85,Bullish,High,Medium,320.962888665998,320.962888665998,3,5.67,0.32096288866599804,500,volatility_scaled,True
XLE,2025-08-25 07:31:57.877664,16.84,0.4,16.8,0.5,21.48,21.79,19.88,19.73,17.26,0.82,17.17,0.88,21.48,21.79,21.13,20.92,17.78,0.82,17.55,1.04,20.39,20.0,21.0,20.55,18.38,0.38,18.63,0.75,20.84,20.68,20.83,20.23,18.72,0.21,18.76,0.21,21.45,21.43,21.45,21.02,19.36,0.16,19.25,0.28,21.63,21.57,22.03,21.46,19.88,0.33,19.79,0.31,21.7,21.49,21.98,21.69,20.12,0.08,20.07,0.16,21.95,21.81,21.85,21.45,20.55,0.13,20.33,0.1,21.78,21.75,22.56,22.34,21.35,0.02,21.15,0.28,21.97,21.66,22.59,21.63,21.59,0.12,21.23,-0.02,22.07,21.79,22.19,21.78,22.04,0.7,21.38,0.0,22.27,21.47,22.19,21.58,22.08,1.14,21.26,0.41,21.91,21.55,22.17,21.58,13.41,15.15,15.27,18.12,19.35,30.26,28.9,27.43,8/25/25,2964.1233129711113,0.0,Flat,Falling,Falling,18.38,15.27,3.1099999999999994,3.1099999999999994,False,False,True,True,False,False,False,False,False,True,Ranging,Bearish,Bearish,9,True,-0.0478,-0.59,-0.1,44.79,44.3,1.53,True,Age_6_15,None,None,None,0,0.3,Neutral,Low,Medium,0.0,0.0,0,,,0,,
XLK,2025-08-25 07:32:01.324827,19.51,1.02,19.59,0.73,18.75,18.43,19.84,18.07,19.38,0.9,19.31,0.45,18.75,18.43,18.64,17.35,19.32,0.11,19.12,0.26,18.63,18.1,18.21,17.83,19.52,0.62,19.28,0.49,18.72,18.2,18.4,17.14,19.83,-0.06,19.63,0.48,19.52,19.11,20.09,18.67,20.47,-0.01,20.12,0.16,20.4,19.89,21.06,19.36,20.86,0.09,20.4,0.06,20.86,20.31,21.48,20.35,21.47,0.35,20.77,0.41,20.86,20.48,21.72,20.91,21.78,0.28,21.01,0.15,21.03,20.62,21.63,21.0,22.31,-0.04,21.34,-0.1,21.71,20.96,22.31,21.61,22.7,0.03,21.56,-0.02,22.17,21.31,22.66,21.91,23.8,0.33,21.84,-0.14,23.28,21.83,23.62,22.14,24.07,0.58,21.7,-0.28,23.31,21.81,23.83,22.12,15.72,17.07,14.71,13.83,19.41,32.31,31.49,29.88,8/25/25,2964.1233129711113,100.0,Flat,Stable,Rising,19.52,14.71,4.809999999999999,4.809999999999999,False,True,False,False,True,False,False,False,True,False,Neutral,Bullish,Bullish,3,True,1.6853,1.78,1.98,144.75,144.55,1.58,True,Age_0_5,Put Credit Spread,Naked Put,Directional,80,0.85,Bullish,High,Medium,320.962888665998,320.962888665998,3,5.67,0.32096288866599804,500,volatility_scaled,True
XLP,2025-08-25 07:32:03.697274,11.23,0.65,11.22,1.8,11.22,11.1,12.0,12.12,11.47,0.89,11.47,2.05,11.22,11.1,11.72,11.69,11.79,0.71,11.7,0.58,11.13,10.75,11.72,11.59,15.08,3.52,15.04,4.04,11.65,11.3,12.18,12.01,12.44,0.57,12.45,0.58,11.83,12.11,12.79,12.58,12.84,0.67,12.76,0.04,12.54,12.49,14.19,13.41,13.25,0.61,13.12,0.54,12.97,12.72,14.04,12.88,12.88,0.37,12.71,0.38,12.6,12.35,13.92,12.54,13.3,0.56,12.9,0.4,12.8,12.46,13.39,12.11,13.63,0.51,12.84,0.15,12.81,12.4,13.48,13.05,12.84,-0.11,12.18,-0.32,12.93,12.67,13.37,13.04,11.88,0.07,11.57,0.04,13.86,13.01,12.95,13.05,11.88,0.07,11.57,0.04,13.86,13.01,12.95,13.05,9.33,11.06,10.31,10.12,11.65,15.41,15.36,14.66,8/25/25,2964.1233129711113,100.00000000000001,Mixed,Rising,Falling,15.08,10.31,4.77,4.77,False,True,False,False,True,False,True,False,True,False,Compressed,Bullish,Bullish,30,True,-0.2345,0.05,0.78,78.18,77.45,0.78,True,Age_16_plus,Put Credit Spread,Calendar Spread,Mixed,75,0.7875000000000001,Bullish,High,Medium,300.90270812437313,300.90270812437313,3,3.71,0.30090270812437314,500,volatility_scaled,True
SMH,2025-08-25 07:32:04.866343,30.34,2.06,30.24,2.21,29.22,29.08,31.1,31.01,29.84,1.55,29.73,1.7,29.22,29.08,29.79,29.52,29.27,0.99,29.1,1.05,28.3,28.19,29.0,28.85,29.1,0.68,28.85,0.69,28.0,27.83,28.7,28.62,29.5,0.36,29.15,0.4,28.46,28.11,29.24,28.92,29.91,0.1,29.47,0.19,29.84,29.4,29.65,29.3,29.84,0.17,29.24,0.08,29.74,29.25,30.07,29.53,29.55,0.16,29.02,0.1,29.49,29.0,30.14,29.55,29.78,0.14,29.19,0.08,29.62,29.09,29.83,29.23,30.61,0.05,29.81,0.04,30.65,29.87,30.6,29.79,30.91,0.17,29.81,-0.01,31.02,29.99,31.06,30.02,31.62,0.34,29.62,-0.22,31.41,29.94,31.07,29.57,31.84,0.38,29.67,-0.21,31.47,29.85,31.37,29.49,23.22,23.27,20.81,20.94,26.37,41.8,42.56,40.5,8/25/25,2964.1233129711113,100.0,Flat,Stable,Rising,29.1,20.81,8.290000000000003,8.290000000000003,True,False,False,False,True,False,False,False,True,False,Trending,Bullish,Bullish,7,True,6.4295,7.14,13.91,358.72,351.95,2.33,True,Age_6_15,Put Credit Spread,Naked Put,Directional,70,0.735,Bullish,High,Medium,280.84252758274823,280.84252758274823,2,2.77,0.28084252758274825,500,volatility_scaled,True
DKNG,2025-08-25 07:32:06.061547,36.74,2.57,36.33,2.96,36.23,35.77,39.77,38.45,37.09,2.93,36.47,3.09,36.23,35.77,59.89,59.97,37.86,2.7,36.77,2.22,35.72,34.97,58.88,58.24,37.77,1.7,37.12,1.66,35.76,35.42,53.86,52.85,38.41,1.02,38.36,1.68,36.65,35.74,47.58,46.85,41.55,-0.04,41.52,0.81,40.73,39.95,47.16,46.47,40.65,0.22,40.32,0.52,40.77,40.02,46.95,46.28,40.41,0.52,39.64,0.56,40.01,39.17,45.63,44.76,41.66,0.74,40.85,0.6,41.22,40.27,44.57,43.61,41.44,0.61,40.38,0.11,41.46,40.35,45.07,44.99,41.16,0.07,40.24,0.33,41.61,40.32,45.37,45.71,41.18,-1.08,39.91,-0.88,42.69,40.69,46.32,44.58,40.77,-1.64,39.7,-1.11,42.91,40.81,46.36,44.77,20.31,36.17,31.38,37.93,36.43,46.45,49.57,47.87,8/25/25,2964.1233129711113,11.104972375690636,Flat,Rising,Falling,37.77,31.38,6.390000000000004,6.390000000000004,True,False,False,True,True,False,False,False,True,False,Ranging,Bullish,Bullish,25,True,0.1589,0.32,2.43,34.56,32.45,3.46,True,Age_16_plus,None,None,None,0,0.3,Neutral,Low,Medium,0.0,0.0,0,,,0,,
COIN,2025-08-25 07:32:07.163904,57.43,5.0,56.92,4.33,55.3,55.12,74.84,75.01,56.83,4.39,56.47,3.88,55.3,55.12,69.39,68.76,56.29,2.44,56.27,3.29,54.81,54.04,65.72,64.96,56.74,2.72,57.02,3.16,55.12,54.92,63.24,62.59,58.06,1.96,57.73,1.85,56.85,56.37,61.05,60.67,59.62,0.98,59.14,0.9,59.42,59.01,60.35,59.93,58.76,0.27,58.35,0.96,59.48,58.92,61.25,61.04,58.26,0.89,57.39,0.84,58.79,58.45,61.37,60.45,58.35,0.67,57.41,0.72,58.77,58.33,60.83,59.96,58.72,0.65,57.55,0.58,58.92,58.03,61.12,60.17,58.18,0.67,56.93,0.56,58.35,57.68,61.08,60.06,58.06,1.05,55.81,-0.13,57.94,56.58,61.59,59.91,58.21,1.2,55.67,-0.22,57.87,56.47,61.63,59.76,51.57,79.73,67.61,72.33,75.89,82.22,79.02,78.21,8/25/25,2964.1233129711113,19.950738916256203,Flat,Stable,Falling,56.74,67.61,-10.869999999999997,10.869999999999997,True,False,False,True,False,True,False,False,True,False,Trending,Bearish,Bearish,57,True,-7.5798,-22.01,-50.16,258.91,287.06,4.98,True,Age_16_plus,Put Debit Spread,Long Put,Directional,55,0.49637499999999996,Bearish,Medium,Medium,220.66198595787364,220.66198595787364,2,0.99,0.22066198595787365,500,volatility_scaled,True
U,2025-08-25 07:32:08.374187,70.19,5.5,70.11,5.08,64.78,64.83,75.06,74.78,69.96,5.26,69.86,4.82,64.78,64.83,95.87,94.19,69.6,3.48,69.42,3.6,61.96,61.96,93.26,92.93,68.35,1.78,69.01,2.6,62.89,62.33,83.26,84.03,70.17,1.39,69.89,1.38,64.52,64.28,75.95,75.87,72.92,0.59,72.43,0.58,68.06,67.51,72.98,72.84,70.69,0.4,70.09,-0.01,67.68,67.16,73.19,72.65,69.75,1.36,69.33,0.0,66.74,66.38,71.06,70.22,70.01,-1.47,69.9,0.03,68.29,67.88,69.54,68.33,69.55,0.71,68.32,0.26,66.18,65.81,65.01,64.53,67.19,0.5,66.77,1.42,66.5,64.39,67.23,66.73,64.13,-0.46,62.76,0.14,64.15,61.64,64.75,62.62,63.93,-0.78,61.75,-0.75,63.97,61.6,65.49,62.44,74.52,68.65,73.08,64.73,64.12,73.82,78.18,76.94,8/25/25,2964.1233129711113,26.804123711340168,Flat,Rising,Stable,68.35,73.08,-4.730000000000004,4.730000000000004,False,True,False,True,False,True,False,False,True,False,Ranging,Bullish,Bullish,32,True,-0.0863,-0.55,3.91,45.7,41.24,4.94,True,Age_16_plus,Call Debit Spread,Long Call,Directional,55,0.5225,Bullish,Medium,Medium,220.66198595787364,220.66198595787364,2,1.09,0.22066198595787365,500,volatility_scaled,True
PYPL,2025-08-25 07:32:11.701465,28.15,0.81,28.03,1.4,27.94,27.6,64.42,63.75,28.69,1.35,28.38,1.74,27.94,27.6,54.3,54.0,29.19,0.64,28.83,1.11,27.5,27.07,47.09,46.96,29.23,0.47,28.61,0.42,28.48,27.93,41.87,41.84,31.33,0.62,31.0,1.03,29.57,28.78,35.96,35.53,35.03,0.22,34.44,0.59,33.88,33.08,34.36,33.88,33.92,-0.02,33.25,0.17,33.89,33.04,36.6,35.72,33.42,0.14,32.71,0.35,33.39,32.39,35.77,34.62,33.93,0.08,33.13,0.29,33.85,32.75,35.14,33.99,34.87,0.17,33.51,0.16,34.69,33.44,35.77,34.03,35.01,-0.11,33.31,0.0,34.55,32.72,35.52,34.37,36.09,0.97,33.81,0.37,35.57,33.85,35.8,33.84,36.44,1.15,33.67,0.23,35.69,33.92,35.99,33.76,31.0,42.52,37.72,34.84,32.1,39.53,41.32,40.42,8/25/25,2964.1233129711113,5.601194921583272,Contango,Stable,Falling,29.23,37.72,-8.489999999999998,8.489999999999998,True,False,False,True,False,True,False,False,True,False,Ranging,Bearish,Bearish,53,True,-0.4497,-1.06,-3.95,61.03,63.92,2.25,True,Age_16_plus,Put Debit Spread,Long Put,Directional,55,0.49637499999999996,Bearish,Medium,Medium,220.66198595787364,220.66198595787364,2,0.99,0.22066198595787365,500,volatility_scaled,True
BIDU,2025-08-25 07:32:12.976983,36.86,2.49,36.84,3.04,47.06,45.81,40.38,39.03,36.73,2.36,36.58,2.78,47.06,45.81,39.66,38.28,36.44,1.87,36.21,2.73,44.55,42.97,39.17,38.45,36.47,1.78,36.21,1.97,42.92,42.52,42.88,42.4,36.69,0.46,36.31,1.72,38.73,38.29,41.13,40.29,37.85,-0.12,37.35,1.03,39.46,38.65,40.67,38.55,37.78,-0.21,37.04,0.15,39.22,38.31,40.23,38.54,37.45,-0.19,36.72,0.57,38.96,37.54,39.99,38.54,37.77,-0.21,36.96,0.58,39.05,37.34,40.37,38.75,38.04,-0.58,36.69,-0.29,39.33,37.3,40.92,37.99,37.89,-0.58,36.31,-0.41,39.51,37.3,40.67,37.58,38.44,0.21,36.76,-0.14,40.4,37.31,39.53,37.33,38.44,0.21,36.76,-0.14,40.4,37.31,39.53,37.33,35.19,31.57,44.77,35.99,35.08,41.53,44.35,43.35,8/25/25,2964.1233129711113,0.0,Flat,Falling,Falling,36.47,44.77,-8.300000000000004,8.300000000000004,True,False,False,True,False,True,False,False,True,False,Neutral,Bullish,Bullish,18,True,1.2714,2.35,2.98,122.45,121.82,2.89,True,Age_16_plus,Call Debit Spread,Long Call,Directional,55,0.49637499999999996,Bullish,Medium,Medium,220.66198595787364,220.66198595787364,2,0.99,0.22066198595787365,500,volatility_scaled,True
MDB,2025-08-25 07:32:14.076906,116.69,9.53,117.07,10.23,105.9,104.65,50.0,49.13,105.59,-1.58,105.82,-1.02,105.9,104.65,48.11,47.48,91.22,-1.32,91.05,-0.06,90.46,88.8,46.13,45.53,82.7,0.26,81.98,-0.48,78.88,79.58,46.62,46.36,66.91,-0.25,66.69,-0.14,64.64,64.06,60.76,60.06,61.65,0.7,61.03,0.25,59.45,58.7,55.85,55.19,64.36,-0.21,63.74,0.07,61.84,60.53,53.22,52.58,61.05,0.17,60.39,-0.12,59.78,58.63,56.45,55.73,58.96,0.27,58.29,-0.08,57.86,57.58,55.1,53.71,59.62,0.14,58.59,0.15,58.24,57.1,55.65,54.48,58.42,-0.16,57.48,0.0,57.43,56.03,55.45,54.2,57.61,0.74,55.2,-0.04,56.91,54.6,55.39,52.83,57.59,0.87,55.02,-0.03,56.56,54.51,55.47,53.03,57.7,61.6,54.34,50.24,46.95,72.12,66.97,67.09,8/25/25,2964.1233129711113,100.0,Inverted,Stable,Rising,82.7,54.34,28.36,28.36,True,False,False,False,True,False,False,False,True,False,Trending,Bullish,Bullish,24,True,11.6302,24.4,66.09,411.45,369.77,2.62,True,Age_16_plus,Put Credit Spread,Naked Put,Directional,65,0.648375,Bullish,Medium,Medium,260.7823470411234,260.7823470411234,2,1.84,0.2607823470411234,500,volatility_scaled,True
CLS,2025-08-25 07:32:15.158467,60.04,4.12,57.99,1.97,59.79,58.3,101.66,101.54,59.3,3.38,58.38,2.37,59.79,58.3,90.33,88.32,58.6,0.09,58.35,1.02,58.13,57.51,80.54,77.86,58.09,0.64,57.32,0.41,58.28,57.66,73.83,72.14,61.41,0.98,61.2,1.54,60.56,59.96,65.27,64.88,66.4,-0.14,66.38,0.79,65.87,65.15,63.3,62.79,64.87,0.22,64.1,0.12,65.93,65.05,66.08,64.86,63.71,0.5,62.89,0.33,65.05,63.5,64.28,63.83,64.08,0.56,63.18,0.29,64.9,63.5,62.42,62.18,64.55,1.11,63.04,0.47,64.35,63.38,62.94,61.91,64.04,0.84,62.26,0.31,64.16,63.0,62.76,61.58,63.22,0.23,61.32,0.0,64.25,62.58,62.05,60.94,63.22,0.23,61.32,0.0,64.25,62.58,62.05,60.94,50.92,70.23,63.9,53.17,53.17,70.78,86.76,81.65,8/25/25,2964.1233129711113,0.0,Flat,Stable,Falling,58.09,63.9,-5.809999999999995,5.809999999999995,True,False,False,True,False,True,False,False,True,False,Trending,Bearish,Bearish,10,True,3.5399,-9.74,-9.3,313.3,312.86,6.48,True,Age_6_15,Put Debit Spread,Long Put,Directional,60,0.57,Bearish,Medium,Medium,240.7221664994985,240.7221664994985,2,1.33,0.24072216649949849,500,volatility_scaled,True
